%YAML:1.0
---
Camera Count: 40
Point Count: 7272
Rotations:
   - !!opencv-matrix
      rows: 3
      cols: 3
      dt: d
      data: [ 1., 0., 0., 0., 1., 0., 0., 0., 1. ]
   - !!opencv-matrix
      rows: 3
      cols: 3
      dt: d
      data: [ 7.2201588338362777e-01, -6.8594143321235934e-01,
          9.0429056969173693e-02, 6.9129643776616811e-01,
          7.2057298108923495e-01, -5.3701155071183615e-02,
          -2.8324887882679027e-02, 1.0128637187078549e-01,
          9.9445400677944207e-01 ]
   - !!opencv-matrix
      rows: 3
      cols: 3
      dt: d
      data: [ 9.0536734165501886e-01, -4.2014064953607611e-01,
          6.1577684853592884e-02, 4.2336457801271299e-01,
          9.0431286625293206e-01, -5.4595549393004879e-02,
          -3.2747683103416331e-02, 7.5498837983181299e-02,
          9.9660800454067577e-01 ]
   - !!opencv-matrix
      rows: 3
      cols: 3
      dt: d
      data: [ 8.8137333574276422e-01, -4.6745587244669506e-01,
          6.8308494030917363e-02, 4.7088775277764905e-01,
          8.8091955106788922e-01, -4.7386378109792487e-02,
          -3.8023247174437301e-02, 7.3930723393239833e-02,
          9.9653824854486339e-01 ]
   - !!opencv-matrix
      rows: 3
      cols: 3
      dt: d
      data: [ 6.8650177106705790e-01, -7.2149591036659999e-01,
          9.0327015040152031e-02, 7.2525062640439952e-01,
          6.8834662232964849e-01, -1.3800595182464910e-02,
          -5.2219222723234565e-02, 7.4983857273651561e-02,
          9.9581653627892019e-01 ]
   - !!opencv-matrix
      rows: 3
      cols: 3
      dt: d
      data: [ 6.2657861572488238e-01, -7.7147835722240854e-01,
          1.1054583960377848e-01, 7.7508305047144865e-01,
          6.3167763564269941e-01, 1.5153530965521814e-02,
          -8.1519955766451546e-02, 7.6187328121303299e-02,
          9.9375549701401544e-01 ]
   - !!opencv-matrix
      rows: 3
      cols: 3
      dt: d
      data: [ 8.1000348347848083e-01, -5.7926328192251197e-01,
          9.1369617319363050e-02, 5.8430287871004738e-01,
          8.1045904690499937e-01, -4.1788505847801152e-02,
          -4.9844785924690126e-02, 8.7236365732419038e-02,
          9.9493985436805255e-01 ]
   - !!opencv-matrix
      rows: 3
      cols: 3
      dt: d
      data: [ 9.1390844288382689e-01, -4.0193949334536927e-01,
          5.6709802635231704e-02, 4.0353912429861549e-01,
          9.1474742257229702e-01, -1.9832500035197639e-02,
          -4.3903680779242504e-02, 4.1009713320229624e-02,
          9.9819370376066141e-01 ]
   - !!opencv-matrix
      rows: 3
      cols: 3
      dt: d
      data: [ 9.9474683029093036e-01, -9.8383906341227165e-02,
          2.8272789023855934e-02, 9.7685032166563421e-02,
          9.9490023271493144e-01, 2.5122926469513321e-02,
          -3.0600296024128584e-02, -2.2229123167946639e-02,
          9.9928448800450209e-01 ]
   - !!opencv-matrix
      rows: 3
      cols: 3
      dt: d
      data: [ 9.5630836031821309e-01, -2.8334922600308343e-01,
          7.2024552125953489e-02, 2.8175735612970165e-01,
          9.5896553133639317e-01, 3.1589586504251754e-02,
          -7.8019947784467913e-02, -9.9159382895767974e-03,
          9.9690248365401624e-01 ]
   - !!opencv-matrix
      rows: 3
      cols: 3
      dt: d
      data: [ 9.9717936881181324e-01, 7.4764105538510789e-02,
          6.6056747649349268e-03, -7.4312815527968090e-02,
          9.9583211044460584e-01, -5.2877341610074485e-02,
          -1.0531470190807312e-02, 5.2237307840936345e-02,
          9.9857916651868484e-01 ]
   - !!opencv-matrix
      rows: 3
      cols: 3
      dt: d
      data: [ 9.7402529940928884e-01, 2.2490316161963211e-01,
          -2.6330286822189335e-02, -2.2600393827540774e-01,
          9.7276472934615033e-01, -5.1487874534850424e-02,
          1.4033388566230699e-02, 5.6101240927491448e-02,
          9.9832645701280742e-01 ]
   - !!opencv-matrix
      rows: 3
      cols: 3
      dt: d
      data: [ 9.2914931588789385e-01, 3.6606359478632622e-01,
          -5.1758993007700260e-02, -3.6828417075644593e-01,
          9.2872448972763655e-01, -4.2867140683490054e-02,
          3.2377744753083179e-02, 5.8891992259164458e-02,
          9.9773915172877259e-01 ]
   - !!opencv-matrix
      rows: 3
      cols: 3
      dt: d
      data: [ 9.0337669432223988e-01, 4.2480234770298947e-01,
          -5.8766602262261054e-02, -4.2704306586642288e-01,
          9.0364748875681211e-01, -3.2487473877065257e-02,
          3.9303537383145730e-02, 5.4444296758571958e-02,
          9.9774297817606128e-01 ]
   - !!opencv-matrix
      rows: 3
      cols: 3
      dt: d
      data: [ 8.8423869676753208e-01, 4.6287338279855456e-01,
          -6.2210599060603750e-02, -4.6633691755086587e-01,
          8.8233020356341474e-01, -6.3429419112112737e-02,
          2.5530500739573567e-02, 8.5097845897330895e-02,
          9.9604545586816506e-01 ]
   - !!opencv-matrix
      rows: 3
      cols: 3
      dt: d
      data: [ 8.4645815259972579e-01, 5.2903709390343556e-01,
          -6.0235779829489869e-02, -5.3228696632637151e-01,
          8.4360243799471812e-01, -7.0749643733632558e-02,
          1.3385864803126330e-02, 9.1949333241601774e-02,
          9.9567371098161339e-01 ]
   - !!opencv-matrix
      rows: 3
      cols: 3
      dt: d
      data: [ 7.6791988060808036e-01, 6.3494117716040033e-01,
          -8.4550331241436738e-02, -6.4014129201700598e-01,
          7.6541071549261197e-01, -6.6072406221401758e-02,
          2.2763638146608433e-02, 1.0486247257838657e-01,
          9.9422617075948938e-01 ]
   - !!opencv-matrix
      rows: 3
      cols: 3
      dt: d
      data: [ 5.0805352543415183e-01, -8.4936043407403061e-01,
          1.4306805486726920e-01, 8.5731315684170117e-01,
          5.1467609781699242e-01, 1.1075443196111485e-02,
          -8.3040751441965016e-02, 1.1702720779993014e-01,
          9.8965088098506016e-01 ]
   - !!opencv-matrix
      rows: 3
      cols: 3
      dt: d
      data: [ 4.2403367907612582e-01, -8.9652229087919555e-01,
          1.2823112323412056e-01, 9.0399085753232444e-01,
          4.2755177396372884e-01, -1.0039144056896154e-04,
          -5.4735441051826234e-02, 1.1596233240663802e-01,
          9.9174430623809207e-01 ]
   - !!opencv-matrix
      rows: 3
      cols: 3
      dt: d
      data: [ 4.0018755424328190e-01, -9.1024226362935012e-01,
          1.0634351382052729e-01, 9.1636557842546118e-01,
          3.9886499421057930e-01, -3.4363397247129460e-02,
          -1.1137688528135604e-02, 1.1120133945376261e-01,
          9.9373548492440322e-01 ]
   - !!opencv-matrix
      rows: 3
      cols: 3
      dt: d
      data: [ 3.7301246811839528e-01, -9.2339042154362527e-01,
          9.0619137215653400e-02, 9.2778031206875022e-01,
          3.7023796363786243e-01, -4.6341588437402798e-02,
          9.2407340528709997e-03, 1.0136064168490230e-01,
          9.9480683006872694e-01 ]
   - !!opencv-matrix
      rows: 3
      cols: 3
      dt: d
      data: [ 3.0265472501091834e-01, -9.5118053438986627e-01,
          6.0462454683661848e-02, 9.5293487551687672e-01,
          3.0081094434559230e-01, -3.7787548022434878e-02,
          1.7755012030417447e-02, 6.9053361682986994e-02,
          9.9745495777407345e-01 ]
   - !!opencv-matrix
      rows: 3
      cols: 3
      dt: d
      data: [ 2.5516674364882691e-01, -9.6574978559925073e-01,
          4.7088051039039229e-02, 9.6684844982446694e-01,
          2.5533951108768926e-01, -2.4102177339629487e-03,
          -9.6957726705582045e-03, 4.6142016563010438e-02,
          9.9888783469407605e-01 ]
   - !!opencv-matrix
      rows: 3
      cols: 3
      dt: d
      data: [ 2.6870032878958844e-01, -9.6244842697019040e-01,
          3.8641412124471551e-02, 9.6314264393978333e-01,
          2.6898222035415631e-01, 2.1937543234844432e-03,
          -1.2505228228657033e-02, 3.6627729331126471e-02,
          9.9925073365546990e-01 ]
   - !!opencv-matrix
      rows: 3
      cols: 3
      dt: d
      data: [ 5.0659548715019664e-01, 8.5587400344872555e-01,
          -1.0411869486171026e-01, -8.5727276189094392e-01,
          5.1289452827483262e-01, 4.4973487585573943e-02,
          9.1893547754604857e-02, 6.6474755256321641e-02,
          9.9354752417520742e-01 ]
   - !!opencv-matrix
      rows: 3
      cols: 3
      dt: d
      data: [ 6.2995595868843646e-01, 7.7254969202746115e-01,
          -7.9513919921030712e-02, -7.7507279808148810e-01,
          6.3187042099330748e-01, -1.3887936756285212e-03,
          4.9169581928933309e-02, 6.2503955250971632e-02,
          9.9683278828042099e-01 ]
   - !!opencv-matrix
      rows: 3
      cols: 3
      dt: d
      data: [ 4.4381221802093956e-01, 8.9231842913326420e-01,
          -8.2453236228043597e-02, -8.9537645883100314e-01,
          4.4530992983373402e-01, -2.5171954176420736e-04,
          3.6492630853185215e-02, 7.3938402881171428e-02,
          9.9659490289324415e-01 ]
   - !!opencv-matrix
      rows: 3
      cols: 3
      dt: d
      data: [ 4.1179091921255512e-01, 9.0698877977980763e-01,
          -8.8315299963340005e-02, -9.1068485751833206e-01,
          4.1308274448104698e-01, -3.9669256132895264e-03,
          3.2883569467048644e-02, 8.2060950308547376e-02,
          9.9608467074519536e-01 ]
   - !!opencv-matrix
      rows: 3
      cols: 3
      dt: d
      data: [ 2.2728031304025603e-01, 9.7027117508413785e-01,
          -8.3171546247319206e-02, -9.7346168047946346e-01,
          2.2871113639442420e-01, 7.9732507341918474e-03,
          2.6758474217010560e-02, 7.9152150255175191e-02,
          9.9650334729370582e-01 ]
   - !!opencv-matrix
      rows: 3
      cols: 3
      dt: d
      data: [ 3.7295392043128782e-02, 9.9522633952165696e-01,
          -9.0186400608257500e-02, -9.9854555922080146e-01,
          4.0631162360287007e-02, 3.5438323968113611e-02,
          3.8933531727372288e-02, 8.8733543643741516e-02,
          9.9529419687831910e-01 ]
   - !!opencv-matrix
      rows: 3
      cols: 3
      dt: d
      data: [ -1.2475745023368765e-02, 9.9731171413162967e-01,
          -7.2205959878270803e-02, -9.9963965860880921e-01,
          -1.0723214789104504e-02, 2.4608242542900741e-02,
          2.3767808535399074e-02, 7.2486947241674440e-02,
          9.9708612153464815e-01 ]
   - !!opencv-matrix
      rows: 3
      cols: 3
      dt: d
      data: [ -1.1275986347668079e-01, 9.9183524862144823e-01,
          -5.9565533496733547e-02, -9.9361606412074732e-01,
          -1.1234450772638016e-01, 1.0287307952635192e-02,
          3.5114541026975872e-03, 6.0345266390558636e-02,
          9.9817138734504796e-01 ]
   - !!opencv-matrix
      rows: 3
      cols: 3
      dt: d
      data: [ -2.9262257075825732e-01, 9.5599815655475617e-01,
          -2.0965584817427548e-02, -9.5614707966775692e-01,
          -2.9224219126219397e-01, 1.9423276991581011e-02,
          1.2441588550065438e-02, 2.5729871942536158e-02,
          9.9959150684875875e-01 ]
   - !!opencv-matrix
      rows: 3
      cols: 3
      dt: d
      data: [ -4.4856114981758644e-01, 8.9131963631554656e-01,
          -6.5895377627314247e-02, -8.9282659112646023e-01,
          -4.5023158850958778e-01, -1.2336729130428620e-02,
          -4.0664149466441896e-02, 5.3299367974252637e-02,
          9.9775027152174489e-01 ]
   - !!opencv-matrix
      rows: 3
      cols: 3
      dt: d
      data: [ -3.8497449754027857e-01, 9.2232408898358464e-01,
          -3.3360322603517248e-02, -9.2292651775915835e-01,
          -3.8476692612609731e-01, 1.2690759489820685e-02,
          -1.1309555977716511e-03, 3.5674745129784552e-02,
          9.9936281374651981e-01 ]
   - !!opencv-matrix
      rows: 3
      cols: 3
      dt: d
      data: [ -5.0740174276951000e-01, 8.6079061502747267e-01,
          -3.9786788197709200e-02, -8.5996187023602544e-01,
          -5.0877178857527872e-01, -4.0210059563116476e-02,
          -5.4854837294640635e-02, 1.3812466489995522e-02,
          9.9839879937570108e-01 ]
   - !!opencv-matrix
      rows: 3
      cols: 3
      dt: d
      data: [ -6.9277130060395153e-01, 7.1878073960372424e-01,
          -5.8499345588069934e-02, -7.2039000200177061e-01,
          -6.9349464340552214e-01, 1.0169787792105370e-02,
          -3.3259135217232533e-02, 4.9187680800895001e-02,
          9.9823564451587821e-01 ]
   - !!opencv-matrix
      rows: 3
      cols: 3
      dt: d
      data: [ -7.8428133196281624e-01, 6.1683924424789105e-01,
          -6.6423934619391750e-02, -6.2004455555994131e-01,
          -7.8297061862099082e-01, 5.0017591872635686e-02,
          -2.1155175610369361e-02, 8.0413662595066604e-02,
          9.9653705471143483e-01 ]
   - !!opencv-matrix
      rows: 3
      cols: 3
      dt: d
      data: [ -8.3227225840527996e-01, 5.5092239678792987e-01,
          -6.1704137676639847e-02, -5.5387169463047192e-01,
          -8.3106613019541142e-01, 5.0549313835033943e-02,
          -2.3431469781987801e-02, 7.6246966886993423e-02,
          9.9681360658068330e-01 ]
   - !!opencv-matrix
      rows: 3
      cols: 3
      dt: d
      data: [ -8.6513628271428888e-01, 5.0032407435799375e-01,
          -3.4857322747433750e-02, -5.0094594988083330e-01,
          -8.6540020724365319e-01, 1.1646312748320177e-02,
          -2.4338603684101075e-02, 2.7537282372425732e-02,
          9.9932443703246299e-01 ]
Motions:
   - !!opencv-matrix
      rows: 3
      cols: 1
      dt: d
      data: [ 0., 0., 0. ]
   - !!opencv-matrix
      rows: 3
      cols: 1
      dt: d
      data: [ 2.0141208866001017e-01, -1.9209152247110842e-01,
          -9.6048634427374546e-01 ]
   - !!opencv-matrix
      rows: 3
      cols: 1
      dt: d
      data: [ 8.6898679432217754e-02, -1.5569684637951436e-01,
          -8.0206363708976758e-01 ]
   - !!opencv-matrix
      rows: 3
      cols: 1
      dt: d
      data: [ 7.9632381679107411e-02, -1.9611801972245652e-01,
          -8.1634879834176044e-01 ]
   - !!opencv-matrix
      rows: 3
      cols: 1
      dt: d
      data: [ 2.0660524817202836e-01, -2.7036505987334697e-01,
          -1.1406854122950152e+00 ]
   - !!opencv-matrix
      rows: 3
      cols: 1
      dt: d
      data: [ 2.3087578470025358e-01, -2.8674822979024506e-01,
          -1.2247827263035058e+00 ]
   - !!opencv-matrix
      rows: 3
      cols: 1
      dt: d
      data: [ 1.2621119028985539e-01, -2.1882561272287970e-01,
          -9.4068150953787022e-01 ]
   - !!opencv-matrix
      rows: 3
      cols: 1
      dt: d
      data: [ 6.7365015582831866e-02, -2.0439596050107448e-01,
          -7.2943547892665861e-01 ]
   - !!opencv-matrix
      rows: 3
      cols: 1
      dt: d
      data: [ -6.1053113199767167e-02, -1.0492369956120336e-01,
          -2.4013254122233632e-01 ]
   - !!opencv-matrix
      rows: 3
      cols: 1
      dt: d
      data: [ 2.7520193829828491e-03, -1.0170635212673428e-01,
          -2.7389277244708854e-01 ]
   - !!opencv-matrix
      rows: 3
      cols: 1
      dt: d
      data: [ -6.7383845820144325e-02, 2.3488834211570817e-02,
          9.9936951180886139e-03 ]
   - !!opencv-matrix
      rows: 3
      cols: 1
      dt: d
      data: [ -9.0642132227108929e-02, 1.9785880340586627e-02,
          2.7467497734333438e-02 ]
   - !!opencv-matrix
      rows: 3
      cols: 1
      dt: d
      data: [ -1.6401766814165500e-01, 5.4342356597349921e-02,
          6.3071861392330592e-02 ]
   - !!opencv-matrix
      rows: 3
      cols: 1
      dt: d
      data: [ -2.2797770211129731e-01, 9.5716255317755308e-02,
          -7.4491207213113640e-03 ]
   - !!opencv-matrix
      rows: 3
      cols: 1
      dt: d
      data: [ -2.0841435447187148e-01, 5.9893732610138709e-02,
          -1.8252065767747494e-01 ]
   - !!opencv-matrix
      rows: 3
      cols: 1
      dt: d
      data: [ -1.8962561693080487e-01, 1.0133934623524027e-01,
          -5.9064015158302327e-02 ]
   - !!opencv-matrix
      rows: 3
      cols: 1
      dt: d
      data: [ -1.7644419848971871e-01, 1.4909997707833475e-01,
          -3.5028701007219970e-02 ]
   - !!opencv-matrix
      rows: 3
      cols: 1
      dt: d
      data: [ 1.9669600775551560e-01, -5.0052672711577240e-01,
          -1.9644017079807965e+00 ]
   - !!opencv-matrix
      rows: 3
      cols: 1
      dt: d
      data: [ 2.3765463640208526e-01, -3.9815645627574980e-01,
          -1.7807383977451026e+00 ]
   - !!opencv-matrix
      rows: 3
      cols: 1
      dt: d
      data: [ 3.4543532346629957e-01, -3.4114470682388043e-01,
          -2.0910439858082834e+00 ]
   - !!opencv-matrix
      rows: 3
      cols: 1
      dt: d
      data: [ 4.4847175519336657e-01, -4.0282093481270054e-01,
          -2.5561161994760013e+00 ]
   - !!opencv-matrix
      rows: 3
      cols: 1
      dt: d
      data: [ 5.7816789666722423e-01, -5.1150352480938754e-01,
          -2.6695672196704896e+00 ]
   - !!opencv-matrix
      rows: 3
      cols: 1
      dt: d
      data: [ 6.6203427930310621e-01, -6.6897285521063776e-01,
          -2.9396908557642911e+00 ]
   - !!opencv-matrix
      rows: 3
      cols: 1
      dt: d
      data: [ 7.9965514385561320e-01, -7.9834490588754936e-01,
          -3.9805252002376585e+00 ]
   - !!opencv-matrix
      rows: 3
      cols: 1
      dt: d
      data: [ 6.2174302874244980e-01, 7.3588422636031825e-01,
          3.7863756600827383e+00 ]
   - !!opencv-matrix
      rows: 3
      cols: 1
      dt: d
      data: [ 6.9038238578889188e-02, 6.4334666194819556e-01,
          1.9985821036089619e+00 ]
   - !!opencv-matrix
      rows: 3
      cols: 1
      dt: d
      data: [ 4.8638627507124432e-01, 6.8585428745086718e-01,
          3.5761926125793502e+00 ]
   - !!opencv-matrix
      rows: 3
      cols: 1
      dt: d
      data: [ 5.2303728144279038e-01, 6.3642081157470753e-01,
          3.9384787239226187e+00 ]
   - !!opencv-matrix
      rows: 3
      cols: 1
      dt: d
      data: [ 8.8568781718738232e-01, 9.6700476657190548e-01,
          3.4960340852663792e+00 ]
   - !!opencv-matrix
      rows: 3
      cols: 1
      dt: d
      data: [ 8.8461003059815568e-01, 4.9199099352522968e-01,
          4.5570772310807399e+00 ]
   - !!opencv-matrix
      rows: 3
      cols: 1
      dt: d
      data: [ 8.1682700795449548e-01, 5.2788350389410432e-01,
          5.2275151153896120e+00 ]
   - !!opencv-matrix
      rows: 3
      cols: 1
      dt: d
      data: [ 6.6137522058756537e-01, 8.6909273528686481e-01,
          5.7226510638955874e+00 ]
   - !!opencv-matrix
      rows: 3
      cols: 1
      dt: d
      data: [ -1.8531584139003024e-01, 1.4256328667367055e+00,
          6.3805244703005624e+00 ]
   - !!opencv-matrix
      rows: 3
      cols: 1
      dt: d
      data: [ -2.6383376606281228e-01, 1.1650592583817545e+00,
          6.4042431105557736e+00 ]
   - !!opencv-matrix
      rows: 3
      cols: 1
      dt: d
      data: [ -1.0446886080137890e-01, 1.3309748692073564e+00,
          6.5782544985283753e+00 ]
   - !!opencv-matrix
      rows: 3
      cols: 1
      dt: d
      data: [ 1.7378140201846049e-03, 1.2213084103470786e+00,
          5.8658285739830118e+00 ]
   - !!opencv-matrix
      rows: 3
      cols: 1
      dt: d
      data: [ 4.6764652605636919e-01, 1.0313862058463117e+00,
          5.1767765882131629e+00 ]
   - !!opencv-matrix
      rows: 3
      cols: 1
      dt: d
      data: [ 5.4461300271006585e-01, 1.1674005694113607e+00,
          5.3015954453310110e+00 ]
   - !!opencv-matrix
      rows: 3
      cols: 1
      dt: d
      data: [ 6.3152083523414493e-01, 1.1023503929508751e+00,
          5.3382681282214328e+00 ]
   - !!opencv-matrix
      rows: 3
      cols: 1
      dt: d
      data: [ 8.0849423597584802e-01, 8.6004605939383527e-01,
          5.3923652423426818e+00 ]
Points:
   - [ -1.3772662753640757e+01, 2.2358700160282240e+02,
       5.0739782358384178e+02 ]
   - [ 5.5436603122739825e-01, 2.9939358245692233e+01,
       9.2075516634605279e+01 ]
   - [ 7.0596054128537811e-01, 3.5702139316925795e+01,
       1.0974584321880975e+02 ]
   - [ 4.7889942254434453e-01, 1.5279969184684999e+01,
       5.8074082874780927e+01 ]
   - [ 4.7889942254434453e-01, 1.5279969184684999e+01,
       5.8074082874780927e+01 ]
   - [ 8.4222855626458581e-01, 3.1104971982976512e+01,
       9.4179779178658094e+01 ]
   - [ 1.2372667452613579e+00, 3.4784832584127500e+01,
       1.0654526932631425e+02 ]
   - [ 1.2372667452613579e+00, 3.4784832584127500e+01,
       1.0654526932631425e+02 ]
   - [ 8.2204532537063613e-01, 1.7262338938960067e+01,
       5.9459100710176429e+01 ]
   - [ 8.2204532537063613e-01, 1.7262338938960067e+01,
       5.9459100710176429e+01 ]
   - [ 5.9412383787203871e-01, 1.0592481657962653e+01,
       3.9381398489136082e+01 ]
   - [ 5.3185479491659315e-01, 9.6668888287413353e+00,
       3.5937676277323163e+01 ]
   - [ 3.5724008330472530e+00, 1.1359130363254748e+02,
       2.5192374744880584e+02 ]
   - [ 1.6455043330247303e+00, 4.1263327572856220e+01,
       9.8331441399599896e+01 ]
   - [ 7.8231192592806387e-01, 1.1355885140216841e+01,
       4.3299514551960435e+01 ]
   - [ 9.4295880210669181e-01, 1.4625713470796054e+01,
       5.1602180255484193e+01 ]
   - [ 9.4295880210669181e-01, 1.4625713470796054e+01,
       5.1602180255484193e+01 ]
   - [ 1.9686491195353695e+00, 3.5309919314068843e+01,
       9.3319207164190800e+01 ]
   - [ 1.8619330941046661e+00, 3.0944672515822841e+01,
       8.5623510005429708e+01 ]
   - [ 2.6909948305924973e+00, 4.5090454347266423e+01,
       1.2136716454761360e+02 ]
   - [ 2.4728138305969725e+00, 3.9332233100378403e+01,
       1.0774123697605930e+02 ]
   - [ 1.0612907896538804e+00, 1.2616015111797173e+01,
       4.4916580340607794e+01 ]
   - [ 2.2272612566914751e+00, 3.2356709623949357e+01,
       8.4498208064327599e+01 ]
   - [ 3.0480268586717818e+00, 4.2871487352471334e+01,
       1.1418311359118964e+02 ]
   - [ 3.0480268586717818e+00, 4.2871487352471334e+01,
       1.1418311359118964e+02 ]
   - [ 2.9046661129501552e+00, 3.6253929398336851e+01,
       9.7577954310746193e+01 ]
   - [ 8.4330121334287789e-01, 1.1111503037674526e+01,
       2.9624293771798040e+01 ]
   - [ 2.6546589488944821e+00, 3.1088096634314265e+01,
       8.5150317238489095e+01 ]
   - [ 2.1773158887137281e+00, 2.3807566492412391e+01,
       6.3324144431913162e+01 ]
   - [ 1.3585508700653988e+00, 1.5110322536613250e+01,
       4.0400626418007583e+01 ]
   - [ 1.0824577983843264e+00, 7.8714126293467057e+00,
       3.0837229136308640e+01 ]
   - [ 2.3958655444767789e+00, 2.4334732101294165e+01,
       6.6717313852963358e+01 ]
   - [ 2.2008220211904228e+00, 2.2306247139913541e+01,
       6.0489749985972239e+01 ]
   - [ 2.1018821613005438e+00, 2.0677158974471475e+01,
       5.5575763767008219e+01 ]
   - [ 1.2503452199511060e+00, 8.7825843602225113e+00,
       3.2445384569635991e+01 ]
   - [ 9.9017206853616202e-01, 6.5415484930717467e+00,
       2.5825222379095418e+01 ]
   - [ 3.0119789190183095e+00, 2.8258347819009796e+01,
       7.4480372040672464e+01 ]
   - [ 3.0119789190183095e+00, 2.8258347819009796e+01,
       7.4480372040672464e+01 ]
   - [ 1.2386998086404188e+00, 8.1405858855684841e+00,
       3.0159604935014297e+01 ]
   - [ 1.3009489630504352e+00, 7.7143545881889564e+00,
       2.8492660012599472e+01 ]
   - [ 1.2321732578708411e+00, 7.3532630864706627e+00,
       2.7147715255587379e+01 ]
   - [ 1.2977778876075665e+00, 7.5876980853394116e+00,
       2.7841004236540154e+01 ]
   - [ 1.2880082776897561e+00, 7.0070046615750758e+00,
       2.6700148073275741e+01 ]
   - [ 1.1975076055528617e+00, 6.5582310493162419e+00,
       2.4975683842283971e+01 ]
   - [ 1.2918334923281578e+00, 7.0811145987088473e+00,
       2.6261116579157047e+01 ]
   - [ 1.6808917631746019e+00, 1.0301945860758408e+01,
       3.3328414735076876e+01 ]
   - [ 1.3267698224843050e+00, 6.8599246914830934e+00,
       2.5645536634203548e+01 ]
   - [ 1.3158200402714497e+00, 6.4208104631520442e+00,
       2.4041869567330071e+01 ]
   - [ 1.8282094507669051e+00, 1.0181014856166655e+01,
       3.3181355118083282e+01 ]
   - [ 1.6218408004815361e+00, 8.7000236693152324e+00,
       2.9051277854898956e+01 ]
   - [ 1.7972592974664701e+00, 9.6334534264866676e+00,
       3.0423571040382598e+01 ]
   - [ 1.2932641071145832e+00, 5.5796436593486369e+00,
       2.0643107652627553e+01 ]
   - [ 1.6697362680140604e+00, 7.3145744482518662e+00,
       2.5232918010655673e+01 ]
   - [ 1.8364266225091017e+00, 8.2551405211870623e+00,
       2.5349502912380416e+01 ]
   - [ 1.9113775189563991e+00, 7.6570464608688917e+00,
       2.4500938736074453e+01 ]
   - [ 1.7274592603305898e+00, 6.3542046774041019e+00,
       2.1709294644849141e+01 ]
   - [ 1.9591451535873530e+00, 7.5032561272213760e+00,
       2.3670461953462407e+01 ]
   - [ 2.6512873915307074e+00, 1.2140727299875596e+01,
       3.1306662615394288e+01 ]
   - [ 2.3360749548287907e+00, 1.0300008983480815e+01,
       2.6599062292025344e+01 ]
   - [ 1.5913900659496030e+00, 4.8336590058617608e+00,
       1.8116846530373344e+01 ]
   - [ 2.4717957505768573e+00, 1.0371350662236939e+01,
       2.7605450776069276e+01 ]
   - [ 2.1991961835503271e+00, 8.2098493212597532e+00,
       2.4538452038268495e+01 ]
   - [ 1.9463473992287321e+00, 6.9572720699787638e+00,
       2.1506978126916106e+01 ]
   - [ 2.3465226190207411e+00, 9.5776634613504950e+00,
       2.4848517279793565e+01 ]
   - [ 1.9186178093093293e+00, 6.1032596273444799e+00,
       1.9787448807740802e+01 ]
   - [ 1.8672233300859715e+00, 5.9230966744329887e+00,
       1.9208880232830271e+01 ]
   - [ 1.8712689716744273e+00, 6.2245005455163342e+00,
       1.8867862821072791e+01 ]
   - [ 2.0475485037301762e+00, 6.8618773539394926e+00,
       2.0393330724799164e+01 ]
   - [ 1.5959176948655887e+00, 4.1392464551451953e+00,
       1.5747006185892049e+01 ]
   - [ 1.6453133164555018e+00, 4.2641323804783671e+00,
       1.6209680385201906e+01 ]
   - [ 2.2048252982490020e+00, 8.3935983454826246e+00,
       2.1566847484477645e+01 ]
   - [ 1.8261261186660294e+00, 5.3189441799595576e+00,
       1.7698693660853596e+01 ]
   - [ 2.0555521545740714e+00, 6.5437150852886781e+00,
       1.9567732155122329e+01 ]
   - [ 2.2410135139273608e+00, 7.7307796365176094e+00,
       2.1276757730994568e+01 ]
   - [ 1.8101518553162250e+00, 5.2668144587753005e+00,
       1.6944938263689327e+01 ]
   - [ 2.6027333892150430e+00, 9.0106243654966889e+00,
       2.2855712904523887e+01 ]
   - [ 2.6171656695418157e+00, 8.8778896098262603e+00,
       2.2735110202861748e+01 ]
   - [ 2.6043228716709388e+00, 8.8361610516501514e+00,
       2.2455678876311147e+01 ]
   - [ 2.6123895440416987e+00, 8.8996571499291761e+00,
       2.2490365498790204e+01 ]
   - [ 2.3475833822899665e+00, 7.0570170012159554e+00,
       1.9575867974067069e+01 ]
   - [ 2.3263763123864072e+00, 6.8856658367764689e+00,
       1.9311765211558384e+01 ]
   - [ 2.3263763123864072e+00, 6.8856658367764689e+00,
       1.9311765211558384e+01 ]
   - [ 1.6004016880798362e+00, 3.4703510113893121e+00,
       1.3382897302490813e+01 ]
   - [ 1.6004016880798362e+00, 3.4703510113893121e+00,
       1.3382897302490813e+01 ]
   - [ 2.2982315177023804e+00, 6.6023865623103859e+00,
       1.8908834786694420e+01 ]
   - [ 2.5427561259214020e+00, 7.8198413989817190e+00,
       2.0260383090941581e+01 ]
   - [ 1.7689778832027536e+00, 3.8565034116001886e+00,
       1.3958231233581998e+01 ]
   - [ 1.7689778832027536e+00, 3.8565034116001886e+00,
       1.3958231233581998e+01 ]
   - [ 2.5478182089074166e+00, 7.5060024944918835e+00,
       1.9381536764597840e+01 ]
   - [ 2.3657507174873005e+00, 6.4276913273414511e+00,
       1.7780133826700268e+01 ]
   - [ 1.7959588234092825e+00, 3.5119793126288519e+00,
       1.3337440951237806e+01 ]
   - [ 1.7959588234092825e+00, 3.5119793126288519e+00,
       1.3337440951237806e+01 ]
   - [ 2.0697768016413858e+00, 5.0017739329816191e+00,
       1.5045814690951495e+01 ]
   - [ 1.6929067460114957e+00, 2.9913307055772660e+00,
       1.2353993944462667e+01 ]
   - [ 1.7147256779315330e+00, 2.9248039653197808e+00,
       1.2412256046403018e+01 ]
   - [ 1.6949007995038101e+00, 2.7922995687968899e+00,
       1.2229257568221124e+01 ]
   - [ 2.3799323751602985e+00, 6.6481933186732025e+00,
       1.6904119939723294e+01 ]
   - [ 2.5610514876762105e+00, 7.1188050402204075e+00,
       1.8007693896758653e+01 ]
   - [ 2.1443378654032323e+00, 5.1279443216124561e+00,
       1.5048185062185565e+01 ]
   - [ 2.1291507716262137e+00, 4.8993983999581427e+00,
       1.4768101984433173e+01 ]
   - [ 2.3597527214428133e+00, 5.7708833578961958e+00,
       1.5981466494383968e+01 ]
   - [ 1.7649396874880943e+00, 2.9059580559564848e+00,
       1.2072685389641338e+01 ]
   - [ 1.7754194933644323e+00, 3.8284800344958794e+00,
       1.2017483031943813e+01 ]
   - [ 1.7754194933644323e+00, 3.8284800344958794e+00,
       1.2017483031943813e+01 ]
   - [ 2.2251876281690772e+00, 4.9605650488158064e+00,
       1.4806203645546917e+01 ]
   - [ 2.0028315022404546e+00, 4.4798101360183846e+00,
       1.3409084738169501e+01 ]
   - [ 1.7188054654004750e+00, 2.7859628094311004e+00,
       1.1542303831986748e+01 ]
   - [ 1.7774887453778805e+00, 2.7922599986930368e+00,
       1.1861600606800566e+01 ]
   - [ 1.8088770626610922e+00, 2.7837456737307344e+00,
       1.1817571586373612e+01 ]
   - [ 1.9154213925876713e+00, 3.3790269564322108e+00,
       1.2451231658651643e+01 ]
   - [ 2.2075013825260745e+00, 4.8207143274255264e+00,
       1.4099132445323031e+01 ]
   - [ 2.1708099047948184e+00, 4.5697409065312913e+00,
       1.3755062652509181e+01 ]
   - [ 1.8277052899663233e+00, 2.7858029617648867e+00,
       1.1632032775676910e+01 ]
   - [ 1.7914949720987783e+00, 2.5484860738705537e+00,
       1.1362539911772890e+01 ]
   - [ 2.0502008263278584e+00, 3.7833036785064551e+00,
       1.2845990513585935e+01 ]
   - [ 1.9226443311149644e+00, 3.4168488071256413e+00,
       1.1850288519952484e+01 ]
   - [ 1.8453996362085514e+00, 2.6993218711279745e+00,
       1.1343719152421826e+01 ]
   - [ 2.1670458004132742e+00, 4.2616549601169433e+00,
       1.3186669429077511e+01 ]
   - [ 2.1377773601512602e+00, 4.2885597546505032e+00,
       1.2970483175051907e+01 ]
   - [ 2.2040952542037129e+00, 4.4187085254598832e+00,
       1.3348272899939982e+01 ]
   - [ 2.3310300479573627e+00, 4.9927689150245751e+00,
       1.4032315627622573e+01 ]
   - [ 1.7793279210366555e+00, 2.5425620655537271e+00,
       1.0585113972562663e+01 ]
   - [ 1.8233188702034455e+00, 2.5571406194234152e+00,
       1.0787828564491058e+01 ]
   - [ 1.9025648651790030e+00, 3.0749992211848016e+00,
       1.1023122708044195e+01 ]
   - [ 1.9323631457867314e+00, 3.0877354219453266e+00,
       1.1144152565840351e+01 ]
   - [ 2.3128941664943161e+00, 4.6646190312346425e+00,
       1.3167342609804150e+01 ]
   - [ 2.0329322814693738e+00, 3.2471292639493123e+00,
       1.1580954786426858e+01 ]
   - [ 2.0329322814693738e+00, 3.2471292639493123e+00,
       1.1580954786426858e+01 ]
   - [ 1.9136957351364781e+00, 2.6060090057479450e+00,
       1.0879411154997035e+01 ]
   - [ 2.0377453819779690e+00, 3.1388647412242365e+00,
       1.1271680959185723e+01 ]
   - [ 1.9388490343103579e+00, 2.5566466871875639e+00,
       1.0652147398918956e+01 ]
   - [ 2.0969578403564832e+00, 3.2230990168744542e+00,
       1.1097731661750020e+01 ]
   - [ 2.0149399003865898e+00, 2.6458983560138698e+00,
       1.0516972979279279e+01 ]
   - [ 4.8454660896953197e+00, -1.5039316903305828e+01,
       -4.2729074883854665e+01 ]
   - [ 5.3087358286063431e+00, -1.6560893331751398e+01,
       -4.7153151064029593e+01 ]
   - [ -1.8773323184794586e+00, 3.2082687049850897e+01,
       7.2585720696227071e+01 ]
   - [ 4.4308664353653517e+00, -1.4190234022781114e+01,
       -4.0689801652549910e+01 ]
   - [ 4.4308664353653517e+00, -1.4190234022781114e+01,
       -4.0689801652549910e+01 ]
   - [ -1.6819722608547729e+00, 3.2543979923252920e+01,
       7.4044411571252766e+01 ]
   - [ 7.7950215544532819e-01, 3.8271742873528773e+01,
       8.2166046809427499e+01 ]
   - [ 7.7950215544532819e-01, 3.8271742873528773e+01,
       8.2166046809427499e+01 ]
   - [ 9.3885286035380544e-01, 3.6543321452873286e+01,
       8.0086574412346835e+01 ]
   - [ 5.1051533785480876e+00, -1.6342368159740658e+01,
       -5.1001736295206825e+01 ]
   - [ 5.1236721108200056e+00, -1.6767529259466322e+01,
       -5.2647781974305452e+01 ]
   - [ 5.1236721108200056e+00, -1.6767529259466322e+01,
       -5.2647781974305452e+01 ]
   - [ 5.3473015710223688e+00, -1.9320071681700558e+01,
       -5.9701007318414504e+01 ]
   - [ 5.0721584877744510e+00, -1.6896265510549195e+01,
       -5.3402131045677415e+01 ]
   - [ 5.0548363189406560e+00, -1.9257549103120844e+01,
       -5.9045930901374859e+01 ]
   - [ 5.3219873455783011e+00, -1.6677809701523429e+01,
       -5.4183133719863910e+01 ]
   - [ 5.0704614886618486e+00, -1.6527347679115607e+01,
       -5.3029672318809880e+01 ]
   - [ 4.2313064448724838e+00, -1.4967657978208333e+01,
       -4.7158862544789677e+01 ]
   - [ 4.6212605719675732e+00, -1.6279366268186028e+01,
       -5.1301589869384081e+01 ]
   - [ 5.1489870711932504e+00, -1.9769289782583488e+01,
       -6.1253705991970854e+01 ]
   - [ 6.8964377240266534e+00, -2.6541913675609070e+01,
       -8.2441090975715269e+01 ]
   - [ 5.1178749578427372e+00, -1.9329636360326337e+01,
       -6.0495642464653578e+01 ]
   - [ 4.6267839418295962e+00, -1.5126785170754754e+01,
       -4.9562269689760001e+01 ]
   - [ 6.2108419646212516e+00, -2.4516972199398062e+01,
       -7.7673750686456813e+01 ]
   - [ 4.5111161100539583e+00, -1.5697366868816209e+01,
       -5.1478131175503499e+01 ]
   - [ 4.5231514961919537e+00, -1.7800671012952030e+01,
       -5.7442652796842275e+01 ]
   - [ 5.2094161834790826e+00, -1.9753071365809628e+01,
       -6.4398758867123618e+01 ]
   - [ 4.6093107852726751e+00, -2.0675149567205533e+01,
       -6.5804520177994561e+01 ]
   - [ 6.1916084460298126e+00, -2.5135222394191221e+01,
       -8.2377824829636523e+01 ]
   - [ -9.4819087371275734e-01, 1.9175308131111716e+01,
       5.2722716307272506e+01 ]
   - [ -9.4819087371275734e-01, 1.9175308131111716e+01,
       5.2722716307272506e+01 ]
   - [ 4.9376771274567011e+00, -2.0903384370754299e+01,
       -6.9429821707223368e+01 ]
   - [ -2.1758984633879277e+00, 2.6715025173799855e+01,
       7.8132388737000099e+01 ]
   - [ 7.4386350436805424e+00, -3.8552486857707478e+01,
       -1.2852818034884552e+02 ]
   - [ 2.3346014398124888e+00, -6.3012960921945860e+00,
       -2.4179387633007583e+01 ]
   - [ 2.3346014398124888e+00, -6.3012960921945860e+00,
       -2.4179387633007583e+01 ]
   - [ 3.6085599989419470e+00, -1.6705052875170566e+01,
       -5.7070605079211603e+01 ]
   - [ 5.8082007240467890e+00, -2.6719308679730837e+01,
       -9.1831592865173917e+01 ]
   - [ 3.1319291651050625e+00, -1.0697849507063635e+01,
       -3.9456403620302282e+01 ]
   - [ 5.1166483371898002e+00, -1.9387781275171136e+01,
       -7.0140009527207383e+01 ]
   - [ 3.5618026041490322e-02, 1.8051943487085314e+01,
       5.0715919120010874e+01 ]
   - [ 6.1337946706815547e+00, -3.3300638270033701e+01,
       -1.1421037418670903e+02 ]
   - [ 8.3064107741739857e-01, 1.1143493654547566e+01,
       2.9163858019590229e+01 ]
   - [ 1.9545362899201679e+00, -5.4457638082977695e+00,
       -2.1631329033634639e+01 ]
   - [ 1.0671157672564311e+00, 1.8745670814211739e+01,
       5.0656567731032993e+01 ]
   - [ 3.8007109638285073e+00, -1.8913141285431468e+01,
       -6.7006735066599958e+01 ]
   - [ 3.8548850205291414e+00, -1.9361451129686262e+01,
       -6.8661744697825270e+01 ]
   - [ 2.0666034674770170e+01, -1.6744487566107563e+02,
       -5.5726877999235614e+02 ]
   - [ 1.2132599946464975e+00, 2.0945693746189789e+01,
       5.7020181376470703e+01 ]
   - [ 5.4530088109378978e+00, -4.4501201111439840e+01,
       -1.4964624841158221e+02 ]
   - [ -4.4759880391756113e+01, 4.2769509290963310e+02,
       1.4211492542643362e+03 ]
   - [ -4.4759880391756113e+01, 4.2769509290963310e+02,
       1.4211492542643362e+03 ]
   - [ 8.7292338225582466e-01, -1.1946046040744489e-01,
       -3.0137486291736524e+00 ]
   - [ -3.2054433207495503e+00, 2.9395967877707630e+01,
       9.9732420120778627e+01 ]
   - [ 8.3047754361785464e-01, 1.7988076384293150e-01,
       -2.0255326646415543e+00 ]
   - [ 6.2188522447007899e-01, -8.5942722513037695e-02,
       -2.0697530304397458e+00 ]
   - [ 6.3760823566063618e-01, -3.8176247124922208e-02,
       -1.9920244405049552e+00 ]
   - [ 6.0552656869172106e-01, -8.7797507779820691e-02,
       -2.0558868809557418e+00 ]
   - [ -8.0884814457757308e+00, 7.0694093810336796e+01,
       2.4624433174209420e+02 ]
   - [ 1.4643719442061003e+00, -3.6902066953946649e-01,
       -6.0149576124609139e+00 ]
   - [ 6.1260516644274887e-01, -7.9692355079208174e-02,
       -2.0672863315631194e+00 ]
   - [ 6.1993685289282108e-01, -6.3370119541930739e-02,
       -2.1013315195322799e+00 ]
   - [ 6.2344547906971681e-01, -6.9090004599178370e-02,
       -2.1380958175197762e+00 ]
   - [ 1.2397858855702552e+01, -1.0553897796230322e+02,
       -3.8315782957153084e+02 ]
   - [ 1.3403168672845491e+00, -5.0458886214814394e+00,
       -2.0856160959366104e+01 ]
   - [ 7.6534402098316379e-01, 1.5597644249462364e-01,
       -2.0224978797010369e+00 ]
   - [ 6.1117566143653690e-01, -5.1719671883598127e-02,
       -2.1131209756802232e+00 ]
   - [ 3.9646453291669242e-01, -5.5926297364442445e-01,
       -2.9207663876112799e+00 ]
   - [ 3.8887598075755975e-01, 1.2823507876387608e-01,
       -4.2360290014368468e-01 ]
   - [ 6.0369531888251526e-01, -6.1980934996834360e-02,
       -2.1221744557033855e+00 ]
   - [ 3.7228978813994251e+00, -3.0085338569906703e+01,
       -1.1251917967632043e+02 ]
   - [ 1.3860767688972194e+01, -1.0933964285358148e+02,
       -4.1196135398099057e+02 ]
   - [ 7.7002324237716768e-01, 1.8167923929164020e-01,
       -2.1077051908781415e+00 ]
   - [ 7.7002324237716768e-01, 1.8167923929164020e-01,
       -2.1077051908781415e+00 ]
   - [ 2.2771291675039365e+00, -2.2749089678261960e+01,
       -8.5679047669022239e+01 ]
   - [ 4.7712140989222958e+00, -4.2975284291054614e+01,
       -1.6414414614589742e+02 ]
   - [ 7.8287356143484066e-01, 1.3523137289267822e+01,
       4.2992593522423597e+01 ]
   - [ 9.2368592769280455e-01, 1.5616663850231538e+01,
       4.9580664758256177e+01 ]
   - [ -5.8787902445654523e-02, 1.6910221895986879e+00,
       6.3887744040414995e+00 ]
   - [ 4.2876036473279910e+00, -5.1793055309886043e+01,
       -1.9771632972176255e+02 ]
   - [ 3.9082591315219792e+00, -4.7969805660416398e+01,
       -1.8327583212787280e+02 ]
   - [ 2.4008562984569197e+00, -3.7942857044925454e+01,
       -1.4322144655189567e+02 ]
   - [ 2.4008562984569197e+00, -3.7942857044925454e+01,
       -1.4322144655189567e+02 ]
   - [ 2.8093978180820911e-01, 8.7735362236687209e+00,
       3.0042308462342127e+01 ]
   - [ 2.5011557185434036e-01, -3.8981643395922033e-01,
       -2.1415062535325302e+00 ]
   - [ 2.5011557185434036e-01, -3.8981643395922033e-01,
       -2.1415062535325302e+00 ]
   - [ 7.6132660671350383e-01, 1.8856814026954616e-01,
       -2.2200189018299104e+00 ]
   - [ 3.7873525949745428e+00, -5.3804774610208817e+01,
       -2.0706211109517577e+02 ]
   - [ -3.4567266182799039e-02, 2.5817382474603260e+01,
       9.2488641295183839e+01 ]
   - [ 1.2479089318502927e+00, 1.5597709994286438e+01,
       5.0680029872465049e+01 ]
   - [ 2.3100395985740216e-01, -3.5929325214996860e-01,
       -1.9812548970317667e+00 ]
   - [ 4.2405936067392211e+00, -1.0809255274968294e+02,
       -4.1136261333865735e+02 ]
   - [ 4.4232731608221014e+00, 1.8238010330550722e+01,
       4.7955743409263548e+01 ]
   - [ 8.6666681431884673e-01, -5.1904102199344706e+00,
       -2.2641036959120626e+01 ]
   - [ 8.2223263898879768e+00, -4.8484116459157995e+01,
       -2.1533719630000977e+02 ]
   - [ 1.2875836832178300e+00, 1.3909992620824347e+01,
       4.6272604568526276e+01 ]
   - [ 2.3802518222086668e+00, -3.3118000340528383e+01,
       -1.3617792988473289e+02 ]
   - [ 1.4518700095003958e+00, -2.0445337619574371e+01,
       -8.4292992479685779e+01 ]
   - [ 4.8326390192840254e+00, 5.7959888312925159e+01,
       2.0040597512788548e+02 ]
   - [ -1.7706964098171615e-02, 8.8398800051688067e+00,
       3.4167168964716375e+01 ]
