%YAML:1.0
---
Camera Count: 40
Point Count: 7272
Rotations:
   - !!opencv-matrix
      rows: 3
      cols: 3
      dt: d
      data: [ 1., 0., 0., 0., 1., 0., 0., 0., 1. ]
   - !!opencv-matrix
      rows: 3
      cols: 3
      dt: d
      data: [ 7.2201588338362777e-01, -6.8594143321235934e-01,
          9.0429056969173693e-02, 6.9129643776616811e-01,
          7.2057298108923495e-01, -5.3701155071183615e-02,
          -2.8324887882679027e-02, 1.0128637187078549e-01,
          9.9445400677944207e-01 ]
   - !!opencv-matrix
      rows: 3
      cols: 3
      dt: d
      data: [ 9.0536734165501886e-01, -4.2014064953607611e-01,
          6.1577684853592884e-02, 4.2336457801271299e-01,
          9.0431286625293206e-01, -5.4595549393004879e-02,
          -3.2747683103416331e-02, 7.5498837983181299e-02,
          9.9660800454067577e-01 ]
   - !!opencv-matrix
      rows: 3
      cols: 3
      dt: d
      data: [ 8.8137333574276422e-01, -4.6745587244669506e-01,
          6.8308494030917363e-02, 4.7088775277764905e-01,
          8.8091955106788922e-01, -4.7386378109792487e-02,
          -3.8023247174437301e-02, 7.3930723393239833e-02,
          9.9653824854486339e-01 ]
   - !!opencv-matrix
      rows: 3
      cols: 3
      dt: d
      data: [ 6.8650177106705790e-01, -7.2149591036659999e-01,
          9.0327015040152031e-02, 7.2525062640439952e-01,
          6.8834662232964849e-01, -1.3800595182464910e-02,
          -5.2219222723234565e-02, 7.4983857273651561e-02,
          9.9581653627892019e-01 ]
   - !!opencv-matrix
      rows: 3
      cols: 3
      dt: d
      data: [ 6.2657861572488238e-01, -7.7147835722240854e-01,
          1.1054583960377848e-01, 7.7508305047144865e-01,
          6.3167763564269941e-01, 1.5153530965521814e-02,
          -8.1519955766451546e-02, 7.6187328121303299e-02,
          9.9375549701401544e-01 ]
   - !!opencv-matrix
      rows: 3
      cols: 3
      dt: d
      data: [ 8.1000348347848083e-01, -5.7926328192251197e-01,
          9.1369617319363050e-02, 5.8430287871004738e-01,
          8.1045904690499937e-01, -4.1788505847801152e-02,
          -4.9844785924690126e-02, 8.7236365732419038e-02,
          9.9493985436805255e-01 ]
   - !!opencv-matrix
      rows: 3
      cols: 3
      dt: d
      data: [ 9.1390844288382689e-01, -4.0193949334536927e-01,
          5.6709802635231704e-02, 4.0353912429861549e-01,
          9.1474742257229702e-01, -1.9832500035197639e-02,
          -4.3903680779242504e-02, 4.1009713320229624e-02,
          9.9819370376066141e-01 ]
   - !!opencv-matrix
      rows: 3
      cols: 3
      dt: d
      data: [ 9.9474683029093036e-01, -9.8383906341227165e-02,
          2.8272789023855934e-02, 9.7685032166563421e-02,
          9.9490023271493144e-01, 2.5122926469513321e-02,
          -3.0600296024128584e-02, -2.2229123167946639e-02,
          9.9928448800450209e-01 ]
   - !!opencv-matrix
      rows: 3
      cols: 3
      dt: d
      data: [ 9.5630836031821309e-01, -2.8334922600308343e-01,
          7.2024552125953489e-02, 2.8175735612970165e-01,
          9.5896553133639317e-01, 3.1589586504251754e-02,
          -7.8019947784467913e-02, -9.9159382895767974e-03,
          9.9690248365401624e-01 ]
   - !!opencv-matrix
      rows: 3
      cols: 3
      dt: d
      data: [ 9.9717936881181324e-01, 7.4764105538510789e-02,
          6.6056747649349268e-03, -7.4312815527968090e-02,
          9.9583211044460584e-01, -5.2877341610074485e-02,
          -1.0531470190807312e-02, 5.2237307840936345e-02,
          9.9857916651868484e-01 ]
   - !!opencv-matrix
      rows: 3
      cols: 3
      dt: d
      data: [ 9.7402529940928884e-01, 2.2490316161963211e-01,
          -2.6330286822189335e-02, -2.2600393827540774e-01,
          9.7276472934615033e-01, -5.1487874534850424e-02,
          1.4033388566230699e-02, 5.6101240927491448e-02,
          9.9832645701280742e-01 ]
   - !!opencv-matrix
      rows: 3
      cols: 3
      dt: d
      data: [ 9.2914931588789385e-01, 3.6606359478632622e-01,
          -5.1758993007700260e-02, -3.6828417075644593e-01,
          9.2872448972763655e-01, -4.2867140683490054e-02,
          3.2377744753083179e-02, 5.8891992259164458e-02,
          9.9773915172877259e-01 ]
   - !!opencv-matrix
      rows: 3
      cols: 3
      dt: d
      data: [ 9.0337669432223988e-01, 4.2480234770298947e-01,
          -5.8766602262261054e-02, -4.2704306586642288e-01,
          9.0364748875681211e-01, -3.2487473877065257e-02,
          3.9303537383145730e-02, 5.4444296758571958e-02,
          9.9774297817606128e-01 ]
   - !!opencv-matrix
      rows: 3
      cols: 3
      dt: d
      data: [ 8.8423869676753208e-01, 4.6287338279855456e-01,
          -6.2210599060603750e-02, -4.6633691755086587e-01,
          8.8233020356341474e-01, -6.3429419112112737e-02,
          2.5530500739573567e-02, 8.5097845897330895e-02,
          9.9604545586816506e-01 ]
   - !!opencv-matrix
      rows: 3
      cols: 3
      dt: d
      data: [ 8.4645815259972579e-01, 5.2903709390343556e-01,
          -6.0235779829489869e-02, -5.3228696632637151e-01,
          8.4360243799471812e-01, -7.0749643733632558e-02,
          1.3385864803126330e-02, 9.1949333241601774e-02,
          9.9567371098161339e-01 ]
   - !!opencv-matrix
      rows: 3
      cols: 3
      dt: d
      data: [ 7.6791988060808036e-01, 6.3494117716040033e-01,
          -8.4550331241436738e-02, -6.4014129201700598e-01,
          7.6541071549261197e-01, -6.6072406221401758e-02,
          2.2763638146608433e-02, 1.0486247257838657e-01,
          9.9422617075948938e-01 ]
   - !!opencv-matrix
      rows: 3
      cols: 3
      dt: d
      data: [ 5.0805352543415183e-01, -8.4936043407403061e-01,
          1.4306805486726920e-01, 8.5731315684170117e-01,
          5.1467609781699242e-01, 1.1075443196111485e-02,
          -8.3040751441965016e-02, 1.1702720779993014e-01,
          9.8965088098506016e-01 ]
   - !!opencv-matrix
      rows: 3
      cols: 3
      dt: d
      data: [ 4.2403367907612582e-01, -8.9652229087919555e-01,
          1.2823112323412056e-01, 9.0399085753232444e-01,
          4.2755177396372884e-01, -1.0039144056896154e-04,
          -5.4735441051826234e-02, 1.1596233240663802e-01,
          9.9174430623809207e-01 ]
   - !!opencv-matrix
      rows: 3
      cols: 3
      dt: d
      data: [ 4.0018755424328190e-01, -9.1024226362935012e-01,
          1.0634351382052729e-01, 9.1636557842546118e-01,
          3.9886499421057930e-01, -3.4363397247129460e-02,
          -1.1137688528135604e-02, 1.1120133945376261e-01,
          9.9373548492440322e-01 ]
   - !!opencv-matrix
      rows: 3
      cols: 3
      dt: d
      data: [ 3.7301246811839528e-01, -9.2339042154362527e-01,
          9.0619137215653400e-02, 9.2778031206875022e-01,
          3.7023796363786243e-01, -4.6341588437402798e-02,
          9.2407340528709997e-03, 1.0136064168490230e-01,
          9.9480683006872694e-01 ]
   - !!opencv-matrix
      rows: 3
      cols: 3
      dt: d
      data: [ 3.0265472501091834e-01, -9.5118053438986627e-01,
          6.0462454683661848e-02, 9.5293487551687672e-01,
          3.0081094434559230e-01, -3.7787548022434878e-02,
          1.7755012030417447e-02, 6.9053361682986994e-02,
          9.9745495777407345e-01 ]
   - !!opencv-matrix
      rows: 3
      cols: 3
      dt: d
      data: [ 2.5516674364882691e-01, -9.6574978559925073e-01,
          4.7088051039039229e-02, 9.6684844982446694e-01,
          2.5533951108768926e-01, -2.4102177339629487e-03,
          -9.6957726705582045e-03, 4.6142016563010438e-02,
          9.9888783469407605e-01 ]
   - !!opencv-matrix
      rows: 3
      cols: 3
      dt: d
      data: [ 2.6870032878958844e-01, -9.6244842697019040e-01,
          3.8641412124471551e-02, 9.6314264393978333e-01,
          2.6898222035415631e-01, 2.1937543234844432e-03,
          -1.2505228228657033e-02, 3.6627729331126471e-02,
          9.9925073365546990e-01 ]
   - !!opencv-matrix
      rows: 3
      cols: 3
      dt: d
      data: [ 5.0659548715019664e-01, 8.5587400344872555e-01,
          -1.0411869486171026e-01, -8.5727276189094392e-01,
          5.1289452827483262e-01, 4.4973487585573943e-02,
          9.1893547754604857e-02, 6.6474755256321641e-02,
          9.9354752417520742e-01 ]
   - !!opencv-matrix
      rows: 3
      cols: 3
      dt: d
      data: [ 6.2995595868843646e-01, 7.7254969202746115e-01,
          -7.9513919921030712e-02, -7.7507279808148810e-01,
          6.3187042099330748e-01, -1.3887936756285212e-03,
          4.9169581928933309e-02, 6.2503955250971632e-02,
          9.9683278828042099e-01 ]
   - !!opencv-matrix
      rows: 3
      cols: 3
      dt: d
      data: [ 4.4381221802093956e-01, 8.9231842913326420e-01,
          -8.2453236228043597e-02, -8.9537645883100314e-01,
          4.4530992983373402e-01, -2.5171954176420736e-04,
          3.6492630853185215e-02, 7.3938402881171428e-02,
          9.9659490289324415e-01 ]
   - !!opencv-matrix
      rows: 3
      cols: 3
      dt: d
      data: [ 4.1179091921255512e-01, 9.0698877977980763e-01,
          -8.8315299963340005e-02, -9.1068485751833206e-01,
          4.1308274448104698e-01, -3.9669256132895264e-03,
          3.2883569467048644e-02, 8.2060950308547376e-02,
          9.9608467074519536e-01 ]
   - !!opencv-matrix
      rows: 3
      cols: 3
      dt: d
      data: [ 2.2728031304025603e-01, 9.7027117508413785e-01,
          -8.3171546247319206e-02, -9.7346168047946346e-01,
          2.2871113639442420e-01, 7.9732507341918474e-03,
          2.6758474217010560e-02, 7.9152150255175191e-02,
          9.9650334729370582e-01 ]
   - !!opencv-matrix
      rows: 3
      cols: 3
      dt: d
      data: [ 3.7295392043128782e-02, 9.9522633952165696e-01,
          -9.0186400608257500e-02, -9.9854555922080146e-01,
          4.0631162360287007e-02, 3.5438323968113611e-02,
          3.8933531727372288e-02, 8.8733543643741516e-02,
          9.9529419687831910e-01 ]
   - !!opencv-matrix
      rows: 3
      cols: 3
      dt: d
      data: [ -1.2475745023368765e-02, 9.9731171413162967e-01,
          -7.2205959878270803e-02, -9.9963965860880921e-01,
          -1.0723214789104504e-02, 2.4608242542900741e-02,
          2.3767808535399074e-02, 7.2486947241674440e-02,
          9.9708612153464815e-01 ]
   - !!opencv-matrix
      rows: 3
      cols: 3
      dt: d
      data: [ -1.1275986347668079e-01, 9.9183524862144823e-01,
          -5.9565533496733547e-02, -9.9361606412074732e-01,
          -1.1234450772638016e-01, 1.0287307952635192e-02,
          3.5114541026975872e-03, 6.0345266390558636e-02,
          9.9817138734504796e-01 ]
   - !!opencv-matrix
      rows: 3
      cols: 3
      dt: d
      data: [ -2.9262257075825732e-01, 9.5599815655475617e-01,
          -2.0965584817427548e-02, -9.5614707966775692e-01,
          -2.9224219126219397e-01, 1.9423276991581011e-02,
          1.2441588550065438e-02, 2.5729871942536158e-02,
          9.9959150684875875e-01 ]
   - !!opencv-matrix
      rows: 3
      cols: 3
      dt: d
      data: [ -4.4856114981758644e-01, 8.9131963631554656e-01,
          -6.5895377627314247e-02, -8.9282659112646023e-01,
          -4.5023158850958778e-01, -1.2336729130428620e-02,
          -4.0664149466441896e-02, 5.3299367974252637e-02,
          9.9775027152174489e-01 ]
   - !!opencv-matrix
      rows: 3
      cols: 3
      dt: d
      data: [ -3.8497449754027857e-01, 9.2232408898358464e-01,
          -3.3360322603517248e-02, -9.2292651775915835e-01,
          -3.8476692612609731e-01, 1.2690759489820685e-02,
          -1.1309555977716511e-03, 3.5674745129784552e-02,
          9.9936281374651981e-01 ]
   - !!opencv-matrix
      rows: 3
      cols: 3
      dt: d
      data: [ -5.0740174276951000e-01, 8.6079061502747267e-01,
          -3.9786788197709200e-02, -8.5996187023602544e-01,
          -5.0877178857527872e-01, -4.0210059563116476e-02,
          -5.4854837294640635e-02, 1.3812466489995522e-02,
          9.9839879937570108e-01 ]
   - !!opencv-matrix
      rows: 3
      cols: 3
      dt: d
      data: [ -6.9277130060395153e-01, 7.1878073960372424e-01,
          -5.8499345588069934e-02, -7.2039000200177061e-01,
          -6.9349464340552214e-01, 1.0169787792105370e-02,
          -3.3259135217232533e-02, 4.9187680800895001e-02,
          9.9823564451587821e-01 ]
   - !!opencv-matrix
      rows: 3
      cols: 3
      dt: d
      data: [ -7.8428133196281624e-01, 6.1683924424789105e-01,
          -6.6423934619391750e-02, -6.2004455555994131e-01,
          -7.8297061862099082e-01, 5.0017591872635686e-02,
          -2.1155175610369361e-02, 8.0413662595066604e-02,
          9.9653705471143483e-01 ]
   - !!opencv-matrix
      rows: 3
      cols: 3
      dt: d
      data: [ -8.3227225840527996e-01, 5.5092239678792987e-01,
          -6.1704137676639847e-02, -5.5387169463047192e-01,
          -8.3106613019541142e-01, 5.0549313835033943e-02,
          -2.3431469781987801e-02, 7.6246966886993423e-02,
          9.9681360658068330e-01 ]
   - !!opencv-matrix
      rows: 3
      cols: 3
      dt: d
      data: [ -8.6513628271428888e-01, 5.0032407435799375e-01,
          -3.4857322747433750e-02, -5.0094594988083330e-01,
          -8.6540020724365319e-01, 1.1646312748320177e-02,
          -2.4338603684101075e-02, 2.7537282372425732e-02,
          9.9932443703246299e-01 ]
Motions:
   - !!opencv-matrix
      rows: 3
      cols: 1
      dt: d
      data: [ 0., 0., 0. ]
   - !!opencv-matrix
      rows: 3
      cols: 1
      dt: d
      data: [ 2.0141208866001017e-01, -1.9209152247110842e-01,
          -9.6048634427374546e-01 ]
   - !!opencv-matrix
      rows: 3
      cols: 1
      dt: d
      data: [ 8.6898679432217754e-02, -1.5569684637951436e-01,
          -8.0206363708976758e-01 ]
   - !!opencv-matrix
      rows: 3
      cols: 1
      dt: d
      data: [ 7.9632381679107411e-02, -1.9611801972245652e-01,
          -8.1634879834176044e-01 ]
   - !!opencv-matrix
      rows: 3
      cols: 1
      dt: d
      data: [ 2.0660524817202836e-01, -2.7036505987334697e-01,
          -1.1406854122950152e+00 ]
   - !!opencv-matrix
      rows: 3
      cols: 1
      dt: d
      data: [ 2.3087578470025358e-01, -2.8674822979024506e-01,
          -1.2247827263035058e+00 ]
   - !!opencv-matrix
      rows: 3
      cols: 1
      dt: d
      data: [ 1.2621119028985539e-01, -2.1882561272287970e-01,
          -9.4068150953787022e-01 ]
   - !!opencv-matrix
      rows: 3
      cols: 1
      dt: d
      data: [ 6.7365015582831866e-02, -2.0439596050107448e-01,
          -7.2943547892665861e-01 ]
   - !!opencv-matrix
      rows: 3
      cols: 1
      dt: d
      data: [ -6.1053113199767167e-02, -1.0492369956120336e-01,
          -2.4013254122233632e-01 ]
   - !!opencv-matrix
      rows: 3
      cols: 1
      dt: d
      data: [ 2.7520193829828491e-03, -1.0170635212673428e-01,
          -2.7389277244708854e-01 ]
   - !!opencv-matrix
      rows: 3
      cols: 1
      dt: d
      data: [ -6.7383845820144325e-02, 2.3488834211570817e-02,
          9.9936951180886139e-03 ]
   - !!opencv-matrix
      rows: 3
      cols: 1
      dt: d
      data: [ -9.0642132227108929e-02, 1.9785880340586627e-02,
          2.7467497734333438e-02 ]
   - !!opencv-matrix
      rows: 3
      cols: 1
      dt: d
      data: [ -1.6401766814165500e-01, 5.4342356597349921e-02,
          6.3071861392330592e-02 ]
   - !!opencv-matrix
      rows: 3
      cols: 1
      dt: d
      data: [ -2.2797770211129731e-01, 9.5716255317755308e-02,
          -7.4491207213113640e-03 ]
   - !!opencv-matrix
      rows: 3
      cols: 1
      dt: d
      data: [ -2.0841435447187148e-01, 5.9893732610138709e-02,
          -1.8252065767747494e-01 ]
   - !!opencv-matrix
      rows: 3
      cols: 1
      dt: d
      data: [ -1.8962561693080487e-01, 1.0133934623524027e-01,
          -5.9064015158302327e-02 ]
   - !!opencv-matrix
      rows: 3
      cols: 1
      dt: d
      data: [ -1.7644419848971871e-01, 1.4909997707833475e-01,
          -3.5028701007219970e-02 ]
   - !!opencv-matrix
      rows: 3
      cols: 1
      dt: d
      data: [ 1.9669600775551560e-01, -5.0052672711577240e-01,
          -1.9644017079807965e+00 ]
   - !!opencv-matrix
      rows: 3
      cols: 1
      dt: d
      data: [ 2.3765463640208526e-01, -3.9815645627574980e-01,
          -1.7807383977451026e+00 ]
   - !!opencv-matrix
      rows: 3
      cols: 1
      dt: d
      data: [ 3.4543532346629957e-01, -3.4114470682388043e-01,
          -2.0910439858082834e+00 ]
   - !!opencv-matrix
      rows: 3
      cols: 1
      dt: d
      data: [ 4.4847175519336657e-01, -4.0282093481270054e-01,
          -2.5561161994760013e+00 ]
   - !!opencv-matrix
      rows: 3
      cols: 1
      dt: d
      data: [ 5.7816789666722423e-01, -5.1150352480938754e-01,
          -2.6695672196704896e+00 ]
   - !!opencv-matrix
      rows: 3
      cols: 1
      dt: d
      data: [ 6.6203427930310621e-01, -6.6897285521063776e-01,
          -2.9396908557642911e+00 ]
   - !!opencv-matrix
      rows: 3
      cols: 1
      dt: d
      data: [ 7.9965514385561320e-01, -7.9834490588754936e-01,
          -3.9805252002376585e+00 ]
   - !!opencv-matrix
      rows: 3
      cols: 1
      dt: d
      data: [ 6.2174302874244980e-01, 7.3588422636031825e-01,
          3.7863756600827383e+00 ]
   - !!opencv-matrix
      rows: 3
      cols: 1
      dt: d
      data: [ 6.9038238578889188e-02, 6.4334666194819556e-01,
          1.9985821036089619e+00 ]
   - !!opencv-matrix
      rows: 3
      cols: 1
      dt: d
      data: [ 4.8638627507124432e-01, 6.8585428745086718e-01,
          3.5761926125793502e+00 ]
   - !!opencv-matrix
      rows: 3
      cols: 1
      dt: d
      data: [ 5.2303728144279038e-01, 6.3642081157470753e-01,
          3.9384787239226187e+00 ]
   - !!opencv-matrix
      rows: 3
      cols: 1
      dt: d
      data: [ 8.8568781718738232e-01, 9.6700476657190548e-01,
          3.4960340852663792e+00 ]
   - !!opencv-matrix
      rows: 3
      cols: 1
      dt: d
      data: [ 8.8461003059815568e-01, 4.9199099352522968e-01,
          4.5570772310807399e+00 ]
   - !!opencv-matrix
      rows: 3
      cols: 1
      dt: d
      data: [ 8.1682700795449548e-01, 5.2788350389410432e-01,
          5.2275151153896120e+00 ]
   - !!opencv-matrix
      rows: 3
      cols: 1
      dt: d
      data: [ 6.6137522058756537e-01, 8.6909273528686481e-01,
          5.7226510638955874e+00 ]
   - !!opencv-matrix
      rows: 3
      cols: 1
      dt: d
      data: [ -1.8531584139003024e-01, 1.4256328667367055e+00,
          6.3805244703005624e+00 ]
   - !!opencv-matrix
      rows: 3
      cols: 1
      dt: d
      data: [ -2.6383376606281228e-01, 1.1650592583817545e+00,
          6.4042431105557736e+00 ]
   - !!opencv-matrix
      rows: 3
      cols: 1
      dt: d
      data: [ -1.0446886080137890e-01, 1.3309748692073564e+00,
          6.5782544985283753e+00 ]
   - !!opencv-matrix
      rows: 3
      cols: 1
      dt: d
      data: [ 1.7378140201846049e-03, 1.2213084103470786e+00,
          5.8658285739830118e+00 ]
   - !!opencv-matrix
      rows: 3
      cols: 1
      dt: d
      data: [ 4.6764652605636919e-01, 1.0313862058463117e+00,
          5.1767765882131629e+00 ]
   - !!opencv-matrix
      rows: 3
      cols: 1
      dt: d
      data: [ 5.4461300271006585e-01, 1.1674005694113607e+00,
          5.3015954453310110e+00 ]
   - !!opencv-matrix
      rows: 3
      cols: 1
      dt: d
      data: [ 6.3152083523414493e-01, 1.1023503929508751e+00,
          5.3382681282214328e+00 ]
   - !!opencv-matrix
      rows: 3
      cols: 1
      dt: d
      data: [ 8.0849423597584802e-01, 8.6004605939383527e-01,
          5.3923652423426818e+00 ]
Points:
   - [ -5.0688701868057251e-01, 1.7973739624023438e+01,
       3.5116222381591797e+01 ]
   - [ 1.0786505937576294e+00, 1.2697193145751953e+01,
       3.5075931549072266e+01 ]
   - [ 1.0786505937576294e+00, 1.2697193145751953e+01,
       3.5075931549072266e+01 ]
   - [ 1.5372489690780640e+00, 1.3152547836303711e+01,
       4.6761711120605469e+01 ]
   - [ 1.5372489690780640e+00, 1.3152547836303711e+01,
       4.6761711120605469e+01 ]
   - [ 1.3983051776885986e+00, 1.4823903083801270e+01,
       4.0242790222167969e+01 ]
   - [ 1.3618687391281128e+00, 1.3092598915100098e+01,
       3.6041324615478516e+01 ]
   - [ 1.3618687391281128e+00, 1.3092598915100098e+01,
       3.6041324615478516e+01 ]
   - [ 1.5960490703582764e+00, 1.2434501647949219e+01,
       3.9282516479492188e+01 ]
   - [ 1.5960490703582764e+00, 1.2434501647949219e+01,
       3.9282516479492188e+01 ]
   - [ 1.9953234195709229e+00, 1.3547916412353516e+01,
       4.6889030456542969e+01 ]
   - [ 1.9953234195709229e+00, 1.3547916412353516e+01,
       4.6889030456542969e+01 ]
   - [ 1.0931320190429688e+00, 1.3519412040710449e+01,
       2.5781076431274414e+01 ]
   - [ 1.2826147079467773e+00, 1.3471549034118652e+01,
       2.7891559600830078e+01 ]
   - [ 1.9267574548721313e+00, 1.1668709754943848e+01,
       4.1622310638427734e+01 ]
   - [ 1.5964570045471191e+00, 1.0562175750732422e+01,
       3.4330490112304688e+01 ]
   - [ 1.5964570045471191e+00, 1.0562175750732422e+01,
       3.4330490112304688e+01 ]
   - [ 1.7121161222457886e+00, 1.4227145195007324e+01,
       3.3077537536621094e+01 ]
   - [ 1.7630988359451294e+00, 1.3791506767272949e+01,
       3.3790374755859375e+01 ]
   - [ 1.4691237211227417e+00, 1.1837043762207031e+01,
       2.8090032577514648e+01 ]
   - [ 1.4528020620346069e+00, 1.1269253730773926e+01,
       2.7280878067016602e+01 ]
   - [ 1.8924448490142822e+00, 1.0686087608337402e+01,
       3.5122623443603516e+01 ]
   - [ 1.5509964227676392e+00, 1.1616298675537109e+01,
       2.6666126251220703e+01 ]
   - [ 1.6978912353515625e+00, 1.2371429443359375e+01,
       2.9013753890991211e+01 ]
   - [ 1.6978912353515625e+00, 1.2371429443359375e+01,
       2.9013753890991211e+01 ]
   - [ 1.8933396339416504e+00, 1.2714788436889648e+01,
       3.0175935745239258e+01 ]
   - [ 1.8743989467620850e+00, 1.2782070159912109e+01,
       2.9622070312500000e+01 ]
   - [ 1.5935809612274170e+00, 1.0243957519531250e+01,
       2.4801012039184570e+01 ]
   - [ 1.8561841249465942e+00, 1.1466341018676758e+01,
       2.6866678237915039e+01 ]
   - [ 1.8561841249465942e+00, 1.1466341018676758e+01,
       2.6866678237915039e+01 ]
   - [ 2.3473496437072754e+00, 9.2020616531372070e+00,
       3.3917724609375000e+01 ]
   - [ 1.4934675693511963e+00, 8.7534065246582031e+00,
       2.1206298828125000e+01 ]
   - [ 1.8676692247390747e+00, 1.0899703025817871e+01,
       2.6101345062255859e+01 ]
   - [ 1.7561829090118408e+00, 1.0066534996032715e+01,
       2.3853334426879883e+01 ]
   - [ 2.2991640567779541e+00, 9.0501642227172852e+00,
       3.1070528030395508e+01 ]
   - [ 2.2578086853027344e+00, 8.1813058853149414e+00,
       3.0452936172485352e+01 ]
   - [ 1.9612765312194824e+00, 1.0977831840515137e+01,
       2.5441104888916016e+01 ]
   - [ 1.9612765312194824e+00, 1.0977831840515137e+01,
       2.5441104888916016e+01 ]
   - [ 2.2339723110198975e+00, 8.3452968597412109e+00,
       2.8764055252075195e+01 ]
   - [ 2.3696005344390869e+00, 8.2454061508178711e+00,
       2.8290079116821289e+01 ]
   - [ 2.3696005344390869e+00, 8.2454061508178711e+00,
       2.8290079116821289e+01 ]
   - [ 2.4753293991088867e+00, 8.5019388198852539e+00,
       2.8968540191650391e+01 ]
   - [ 2.4927029609680176e+00, 8.0079793930053711e+00,
       2.8536146163940430e+01 ]
   - [ 2.4927029609680176e+00, 8.0079793930053711e+00,
       2.8536146163940430e+01 ]
   - [ 2.4122912883758545e+00, 7.8635840415954590e+00,
       2.7131799697875977e+01 ]
   - [ 2.0625929832458496e+00, 7.8523106575012207e+00,
       2.3010580062866211e+01 ]
   - [ 2.5608482360839844e+00, 7.9766688346862793e+00,
       2.7770671844482422e+01 ]
   - [ 2.4650723934173584e+00, 7.3764548301696777e+00,
       2.5698984146118164e+01 ]
   - [ 2.3145360946655273e+00, 8.0922918319702148e+00,
       2.3947507858276367e+01 ]
   - [ 2.2769701480865479e+00, 7.6941952705383301e+00,
       2.3405076980590820e+01 ]
   - [ 2.3884010314941406e+00, 8.2241096496582031e+00,
       2.3438671112060547e+01 ]
   - [ 2.7810816764831543e+00, 7.5061726570129395e+00,
       2.5723619461059570e+01 ]
   - [ 2.5984256267547607e+00, 7.3522214889526367e+00,
       2.3261604309082031e+01 ]
   - [ 2.1916828155517578e+00, 6.6445384025573730e+00,
       1.8306522369384766e+01 ]
   - [ 2.4865002632141113e+00, 6.7169671058654785e+00,
       1.9436075210571289e+01 ]
   - [ 2.6471159458160400e+00, 6.4943046569824219e+00,
       2.0302995681762695e+01 ]
   - [ 2.5054178237915039e+00, 6.5510063171386719e+00,
       1.8641181945800781e+01 ]
   - [ 2.3278589248657227e+00, 7.5326356887817383e+00,
       1.7012769699096680e+01 ]
   - [ 2.3769636154174805e+00, 7.4415583610534668e+00,
       1.6844476699829102e+01 ]
   - [ 2.7993910312652588e+00, 5.6412892341613770e+00,
       1.9719154357910156e+01 ]
   - [ 2.4231448173522949e+00, 7.2142524719238281e+00,
       1.6882122039794922e+01 ]
   - [ 2.6315116882324219e+00, 6.8456234931945801e+00,
       1.8303300857543945e+01 ]
   - [ 2.4643030166625977e+00, 6.1363391876220703e+00,
       1.7041519165039063e+01 ]
   - [ 2.4738650321960449e+00, 7.2517924308776855e+00,
       1.6494665145874023e+01 ]
   - [ 2.7325012683868408e+00, 6.0353622436523438e+00,
       1.7730501174926758e+01 ]
   - [ 2.7325012683868408e+00, 6.0353622436523438e+00,
       1.7730501174926758e+01 ]
   - [ 2.6380271911621094e+00, 6.1961703300476074e+00,
       1.6788152694702148e+01 ]
   - [ 2.6856226921081543e+00, 6.3874740600585938e+00,
       1.6955511093139648e+01 ]
   - [ 2.7918090820312500e+00, 4.9018268585205078e+00,
       1.7417213439941406e+01 ]
   - [ 2.7918090820312500e+00, 4.9018268585205078e+00,
       1.7417213439941406e+01 ]
   - [ 2.6130387783050537e+00, 7.2263035774230957e+00,
       1.6214839935302734e+01 ]
   - [ 2.9067938327789307e+00, 5.9022397994995117e+00,
       1.7869903564453125e+01 ]
   - [ 2.6206572055816650e+00, 5.9606184959411621e+00,
       1.5934800148010254e+01 ]
   - [ 2.6148414611816406e+00, 6.5229949951171875e+00,
       1.5861342430114746e+01 ]
   - [ 2.8480222225189209e+00, 5.8298640251159668e+00,
       1.6929647445678711e+01 ]
   - [ 2.5801692008972168e+00, 6.5946712493896484e+00,
       1.4609674453735352e+01 ]
   - [ 2.6477844715118408e+00, 6.6282463073730469e+00,
       1.4845584869384766e+01 ]
   - [ 2.6435508728027344e+00, 6.6307768821716309e+00,
       1.4720611572265625e+01 ]
   - [ 2.5917906761169434e+00, 6.5379395484924316e+00,
       1.4423087120056152e+01 ]
   - [ 2.7103934288024902e+00, 5.9748606681823730e+00,
       1.4647003173828125e+01 ]
   - [ 2.7125518321990967e+00, 5.8818798065185547e+00,
       1.4601940155029297e+01 ]
   - [ 2.7125518321990967e+00, 5.8818798065185547e+00,
       1.4601940155029297e+01 ]
   - [ 2.8736398220062256e+00, 4.2746653556823730e+00,
       1.5427403450012207e+01 ]
   - [ 2.8736398220062256e+00, 4.2746653556823730e+00,
       1.5427403450012207e+01 ]
   - [ 2.7462766170501709e+00, 5.7667155265808105e+00,
       1.4665836334228516e+01 ]
   - [ 2.6919453144073486e+00, 6.1642394065856934e+00,
       1.3984575271606445e+01 ]
   - [ 2.9383728504180908e+00, 4.4867601394653320e+00,
       1.5025244712829590e+01 ]
   - [ 2.9383728504180908e+00, 4.4867601394653320e+00,
       1.5025244712829590e+01 ]
   - [ 2.7366220951080322e+00, 6.0356760025024414e+00,
       1.3639281272888184e+01 ]
   - [ 2.7756445407867432e+00, 5.5977139472961426e+00,
       1.3676438331604004e+01 ]
   - [ 2.9959900379180908e+00, 4.0854506492614746e+00,
       1.4516994476318359e+01 ]
   - [ 2.9959900379180908e+00, 4.0854506492614746e+00,
       1.4516994476318359e+01 ]
   - [ 2.8379092216491699e+00, 5.0421323776245117e+00,
       1.3558913230895996e+01 ]
   - [ 3.0089957714080811e+00, 3.6364436149597168e+00,
       1.4325418472290039e+01 ]
   - [ 3.0578985214233398e+00, 3.5464046001434326e+00,
       1.4474557876586914e+01 ]
   - [ 3.0728363990783691e+00, 3.4064347743988037e+00,
       1.4488559722900391e+01 ]
   - [ 2.6723167896270752e+00, 5.6493601799011230e+00,
       1.2546191215515137e+01 ]
   - [ 2.7621245384216309e+00, 5.8119821548461914e+00,
       1.2828106880187988e+01 ]
   - [ 2.7836642265319824e+00, 4.9339532852172852e+00,
       1.2898306846618652e+01 ]
   - [ 2.8899641036987305e+00, 4.9143457412719727e+00,
       1.3244261741638184e+01 ]
   - [ 2.8304531574249268e+00, 5.1920289993286133e+00,
       1.2698071479797363e+01 ]
   - [ 3.1488640308380127e+00, 3.5396566390991211e+00,
       1.4113734245300293e+01 ]
   - [ 2.9435791969299316e+00, 4.6317396163940430e+00,
       1.2995154380798340e+01 ]
   - [ 2.9435791969299316e+00, 4.6317396163940430e+00,
       1.2995154380798340e+01 ]
   - [ 2.9157159328460693e+00, 4.8210024833679199e+00,
       1.2853863716125488e+01 ]
   - [ 2.9157159328460693e+00, 4.8210024833679199e+00,
       1.2853863716125488e+01 ]
   - [ 3.0962960720062256e+00, 3.4362518787384033e+00,
       1.3642578125000000e+01 ]
   - [ 3.1144273281097412e+00, 3.3443772792816162e+00,
       1.3687328338623047e+01 ]
   - [ 3.1125454902648926e+00, 3.2831771373748779e+00,
       1.3427462577819824e+01 ]
   - [ 3.0945775508880615e+00, 3.8794059753417969e+00,
       1.3301605224609375e+01 ]
   - [ 2.9246213436126709e+00, 4.7710714340209961e+00,
       1.2431623458862305e+01 ]
   - [ 2.9364333152770996e+00, 4.5978112220764160e+00,
       1.2382757186889648e+01 ]
   - [ 3.1299233436584473e+00, 3.2907280921936035e+00,
       1.3179535865783691e+01 ]
   - [ 3.1572828292846680e+00, 3.0400795936584473e+00,
       1.3248237609863281e+01 ]
   - [ 3.0447747707366943e+00, 4.0839319229125977e+00,
       1.2676345825195313e+01 ]
   - [ 2.9917683601379395e+00, 3.8481118679046631e+00,
       1.2240283012390137e+01 ]
   - [ 3.1625254154205322e+00, 3.1928470134735107e+00,
       1.2897268295288086e+01 ]
   - [ 3.0086441040039063e+00, 4.3864712715148926e+00,
       1.2208376884460449e+01 ]
   - [ 2.9849870204925537e+00, 4.4656691551208496e+00,
       1.2083263397216797e+01 ]
   - [ 2.9849870204925537e+00, 4.4656691551208496e+00,
       1.2083263397216797e+01 ]
   - [ 2.9353959560394287e+00, 4.7522573471069336e+00,
       1.1816982269287109e+01 ]
   - [ 3.2066538333892822e+00, 3.1510868072509766e+00,
       1.2615163803100586e+01 ]
   - [ 3.2099215984344482e+00, 3.0975160598754883e+00,
       1.2591031074523926e+01 ]
   - [ 3.1278409957885742e+00, 3.6347424983978271e+00,
       1.2034847259521484e+01 ]
   - [ 3.1390941143035889e+00, 3.6051502227783203e+00,
       1.2049440383911133e+01 ]
   - [ 2.9939053058624268e+00, 4.5748543739318848e+00,
       1.1445063591003418e+01 ]
   - [ 3.1009941101074219e+00, 3.5890448093414307e+00,
       1.1822058677673340e+01 ]
   - [ 3.1009941101074219e+00, 3.5890448093414307e+00,
       1.1822058677673340e+01 ]
   - [ 3.1898443698883057e+00, 3.0178961753845215e+00,
       1.2108870506286621e+01 ]
   - [ 3.1192650794982910e+00, 3.4832942485809326e+00,
       1.1570559501647949e+01 ]
   - [ 3.2232127189636230e+00, 2.9651315212249756e+00,
       1.1859327316284180e+01 ]
   - [ 3.1263513565063477e+00, 3.5247530937194824e+00,
       1.1136892318725586e+01 ]
   - [ 3.2143740653991699e+00, 2.9953584671020508e+00,
       1.1290671348571777e+01 ]
   - [ 5.2880406379699707e+00, -1.6454605102539063e+01,
       -4.1053638458251953e+01 ]
   - [ 5.2880406379699707e+00, -1.6454605102539063e+01,
       -4.1053638458251953e+01 ]
   - [ -1.4562425017356873e-01, 6.7416810989379883e+00,
       1.3182291030883789e+01 ]
   - [ 4.3297591209411621e+00, -1.3947561264038086e+01,
       -3.5229480743408203e+01 ]
   - [ 4.3297591209411621e+00, -1.3947561264038086e+01,
       -3.5229480743408203e+01 ]
   - [ -9.1040730476379395e-02, 6.3394331932067871e+00,
       1.2498222351074219e+01 ]
   - [ 3.0325666069984436e-01, 4.9661097526550293e+00,
       9.3288326263427734e+00 ]
   - [ 3.0325666069984436e-01, 4.9661097526550293e+00,
       9.3288326263427734e+00 ]
   - [ 3.4452590346336365e-01, 5.0650825500488281e+00,
       9.7153491973876953e+00 ]
   - [ 4.0786504745483398e+00, -1.3074489593505859e+01,
       -3.6480148315429688e+01 ]
   - [ 4.0059485435485840e+00, -1.3182621002197266e+01,
       -3.7062805175781250e+01 ]
   - [ 4.0059485435485840e+00, -1.3182621002197266e+01,
       -3.7062805175781250e+01 ]
   - [ 4.6475324630737305e+00, -1.7195735931396484e+01,
       -4.7412574768066406e+01 ]
   - [ 3.8293833732604980e+00, -1.2866983413696289e+01,
       -3.6478580474853516e+01 ]
   - [ 4.5883150100708008e+00, -1.8233732223510742e+01,
       -4.9828186035156250e+01 ]
   - [ 3.6009702682495117e+00, -1.1204276084899902e+01,
       -3.2742172241210938e+01 ]
   - [ 3.8683061599731445e+00, -1.2652263641357422e+01,
       -3.6522830963134766e+01 ]
   - [ 3.4507656097412109e+00, -1.2406650543212891e+01,
       -3.5110858917236328e+01 ]
   - [ 3.4507656097412109e+00, -1.2406650543212891e+01,
       -3.5110858917236328e+01 ]
   - [ 4.2590332031250000e+00, -1.6992809295654297e+01,
       -4.7053211212158203e+01 ]
   - [ 4.2590332031250000e+00, -1.6992809295654297e+01,
       -4.7053211212158203e+01 ]
   - [ 3.5450422763824463e+00, -1.3908657073974609e+01,
       -3.9019870758056641e+01 ]
   - [ 3.2601542472839355e+00, -1.0602396965026855e+01,
       -3.1386205673217773e+01 ]
   - [ 4.8781008720397949e+00, -2.0286190032958984e+01,
       -5.7681064605712891e+01 ]
   - [ 3.3715403079986572e+00, -1.1831439971923828e+01,
       -3.5110645294189453e+01 ]
   - [ 3.3623483180999756e+00, -1.3891797065734863e+01,
       -4.0518436431884766e+01 ]
   - [ 3.6828277111053467e+00, -1.4522310256958008e+01,
       -4.2809879302978516e+01 ]
   - [ 4.1219773292541504e+00, -2.0196554183959961e+01,
       -5.7883415222167969e+01 ]
   - [ 4.6293358802795410e+00, -1.9953664779663086e+01,
       -5.9144554138183594e+01 ]
   - [ -1.9814575091004372e-02, 1.2775668144226074e+01,
       3.0657407760620117e+01 ]
   - [ -1.9814575091004372e-02, 1.2775668144226074e+01,
       3.0657407760620117e+01 ]
   - [ 4.1953911781311035e+00, -1.9061559677124023e+01,
       -5.7469860076904297e+01 ]
   - [ -8.6426889896392822e-01, 2.3430065155029297e+01,
       6.0380153656005859e+01 ]
   - [ 5.1440205574035645e+00, -3.0541893005371094e+01,
       -9.2420249938964844e+01 ]
   - [ 2.4703102111816406e+00, -6.3200988769531250e+00,
       -2.3073921203613281e+01 ]
   - [ 2.4703102111816406e+00, -6.3200988769531250e+00,
       -2.3073921203613281e+01 ]
   - [ 3.4461214542388916e+00, -1.7458286285400391e+01,
       -5.4873394012451172e+01 ]
   - [ 4.3942351341247559e+00, -2.2362363815307617e+01,
       -7.0300651550292969e+01 ]
   - [ 2.5504977703094482e+00, -8.7518653869628906e+00,
       -3.0239788055419922e+01 ]
   - [ 3.9534127712249756e+00, -1.5564901351928711e+01,
       -5.2037414550781250e+01 ]
   - [ 6.7929774522781372e-01, 1.1388405799865723e+01,
       2.8130321502685547e+01 ]
   - [ 5.5536117553710938e+00, -3.5494121551513672e+01,
       -1.1133003234863281e+02 ]
   - [ 9.6327757835388184e-01, 7.0014643669128418e+00,
       1.5923560142517090e+01 ]
   - [ 2.3561797142028809e+00, -6.2311854362487793e+00,
       -2.3801181793212891e+01 ]
   - [ 1.1679805517196655e+00, 9.6288433074951172e+00,
       2.2860313415527344e+01 ]
   - [ 2.5597481727600098e+00, -1.4538427352905273e+01,
       -4.7738937377929688e+01 ]
   - [ 2.5597481727600098e+00, -1.4538427352905273e+01,
       -4.7738937377929688e+01 ]
   - [ 6.8449044227600098e+00, -8.5044586181640625e+01,
       -2.5662063598632813e+02 ]
   - [ 1.2668486833572388e+00, 1.0278607368469238e+01,
       2.4638946533203125e+01 ]
   - [ 3.6584012508392334e+00, -4.4816642761230469e+01,
       -1.3784857177734375e+02 ]
   - [ -2.6633346557617188e+01, 4.5311373901367188e+02,
       1.3696918945312500e+03 ]
   - [ -2.6633346557617188e+01, 4.5311373901367188e+02,
       1.3696918945312500e+03 ]
   - [ 1.7850233316421509e+00, 5.3377732634544373e-02,
       -5.4955301284790039e+00 ]
   - [ -2.1731793880462646e+00, 3.4212188720703125e+01,
       1.0537931060791016e+02 ]
   - [ 1.7842537164688110e+00, 5.9339892864227295e-01,
       -4.0738792419433594e+00 ]
   - [ 1.8108859062194824e+00, -3.0130615457892418e-02,
       -5.9867711067199707e+00 ]
   - [ 1.7627505064010620e+00, 1.0647470504045486e-01,
       -5.4612545967102051e+00 ]
   - [ 1.7830878496170044e+00, -3.8908082991838455e-02,
       -6.0164141654968262e+00 ]
   - [ -5.0856165885925293e+00, 7.2649948120117188e+01,
       2.3172187805175781e+02 ]
   - [ 1.6729314327239990e+00, 5.0191387534141541e-02,
       -5.6219348907470703e+00 ]
   - [ 1.7924307584762573e+00, -1.1859627440571785e-02,
       -6.0165843963623047e+00 ]
   - [ 1.7811787128448486e+00, 4.4644594192504883e-02,
       -5.9530043601989746e+00 ]
   - [ 1.8111916780471802e+00, 2.9886962845921516e-02,
       -6.1333870887756348e+00 ]
   - [ 7.5977125167846680e+00, -1.0680675506591797e+02,
       -3.6051187133789063e+02 ]
   - [ 1.9525929689407349e+00, -7.5611672401428223e+00,
       -3.0603691101074219e+01 ]
   - [ 1.7606532573699951e+00, 5.7137584686279297e-01,
       -4.4380879402160645e+00 ]
   - [ 1.7586369514465332e+00, 8.1481419503688812e-02,
       -5.9935035705566406e+00 ]
   - [ 1.8152784109115601e+00, -2.2826073169708252e+00,
       -1.3684790611267090e+01 ]
   - [ 1.8273903131484985e+00, 5.2656382322311401e-01,
       -4.2317857742309570e+00 ]
   - [ 1.7697217464447021e+00, 4.9854472279548645e-02,
       -6.1650619506835938e+00 ]
   - [ 2.4805843830108643e+00, -3.1053506851196289e+01,
       -1.0960662841796875e+02 ]
   - [ 3.0345277786254883e+00, -3.7891620635986328e+01,
       -1.3373056030273438e+02 ]
   - [ 1.7721116542816162e+00, 6.4028215408325195e-01,
       -4.5968298912048340e+00 ]
   - [ 1.7721116542816162e+00, 6.4028215408325195e-01,
       -4.5968298912048340e+00 ]
   - [ 1.0516537427902222e+00, -2.2233221054077148e+01,
       -7.9246841430664063e+01 ]
   - [ 2.6382539272308350e+00, -4.3412376403808594e+01,
       -1.5665083312988281e+02 ]
   - [ 1.9342842102050781e+00, 1.4140549659729004e+01,
       4.0469150543212891e+01 ]
   - [ 1.9342842102050781e+00, 1.4140549659729004e+01,
       4.0469150543212891e+01 ]
   - [ 1.0399495810270309e-01, 1.8633862733840942e+00,
       5.7986230850219727e+00 ]
   - [ 1.2433747053146362e+00, -5.0072570800781250e+01,
       -1.8086422729492188e+02 ]
   - [ 1.2433747053146362e+00, -5.0072570800781250e+01,
       -1.8086422729492188e+02 ]
   - [ 1.9352279603481293e-02, -3.9091728210449219e+01,
       -1.3963694763183594e+02 ]
   - [ 1.9352279603481293e-02, -3.9091728210449219e+01,
       -1.3963694763183594e+02 ]
   - [ 2.9158995151519775e+00, 2.5032114028930664e+01,
       7.7589523315429688e+01 ]
   - [ 1.5679628849029541e+00, -2.2919268608093262e+00,
       -1.4989587783813477e+01 ]
   - [ 1.5679628849029541e+00, -2.2919268608093262e+00,
       -1.4989587783813477e+01 ]
   - [ 1.7924110889434814e+00, 6.7993348836898804e-01,
       -4.9360876083374023e+00 ]
   - [ 5.2134472131729126e-01, -5.0900588989257813e+01,
       -1.8571881103515625e+02 ]
   - [ 2.1496260166168213e+00, 2.9320417404174805e+01,
       9.7353157043457031e+01 ]
   - [ 2.4995801448822021e+00, 1.5066011428833008e+01,
       4.4438030242919922e+01 ]
   - [ 1.4665677547454834e+00, -2.1560039520263672e+00,
       -1.4303796768188477e+01 ]
   - [ -3.3403971195220947e+00, -1.0963066101074219e+02,
       -3.9507730102539063e+02 ]
   - [ 2.4037930965423584e+00, 7.1561908721923828e+00,
       1.6733957290649414e+01 ]
   - [ 1.2217509746551514e+00, -9.5066671371459961e+00,
       -4.1498905181884766e+01 ]
   - [ 5.9700374603271484e+00, -4.5563796997070313e+01,
       -1.9748390197753906e+02 ]
   - [ 2.2293369770050049e+00, 1.2267762184143066e+01,
       3.7187465667724609e+01 ]
   - [ 2.2067061066627502e-01, -2.5449743270874023e+01,
       -1.0124100494384766e+02 ]
   - [ 1.2488759309053421e-01, -2.5100505828857422e+01,
       -1.0058734130859375e+02 ]
   - [ 1.0791228294372559e+01, 6.0650100708007813e+01,
       1.9479994201660156e+02 ]
   - [ 1.8891414403915405e+00, 2.3596366882324219e+01,
       8.5037506103515625e+01 ]
