%YAML:1.0
---
Camera Count: 16
Point Count: 4805
Rotations:
   - !!opencv-matrix
      rows: 3
      cols: 3
      dt: d
      data: [ 1., 0., 0., 0., 1., 0., 0., 0., 1. ]
   - !!opencv-matrix
      rows: 3
      cols: 3
      dt: d
      data: [ 9.5649480745607529e-01, -2.0791922649519740e-01,
          2.0466381840277614e-01, 2.0321451979468910e-01,
          9.7814588179561890e-01, 4.3982870198351176e-02,
          -2.0933595547392164e-01, -4.7872738566897763e-04,
          9.7784366264035816e-01 ]
   - !!opencv-matrix
      rows: 3
      cols: 3
      dt: d
      data: [ 7.8436472737771334e-01, -4.6624571329527814e-01,
          4.0912945296013931e-01, 4.7986497165427838e-01,
          8.7403734442009973e-01, 7.6081072142148001e-02,
          -3.9306689433851355e-01, 1.3665158393826754e-01,
          9.0929904936837946e-01 ]
   - !!opencv-matrix
      rows: 3
      cols: 3
      dt: d
      data: [ 4.9282380959931871e-01, -6.5547368946254614e-01,
          5.7225775234099896e-01, 6.5723357273806915e-01,
          7.1141510719117829e-01, 2.4886256473426749e-01,
          -5.7023567369813655e-01, 2.5346160987913302e-01,
          7.8140161809373709e-01 ]
   - !!opencv-matrix
      rows: 3
      cols: 3
      dt: d
      data: [ 2.5391125656004510e-01, -7.0391153860751809e-01,
          6.6335331431092992e-01, 7.1748962351775702e-01,
          5.9700672991647141e-01, 3.5887547224460525e-01,
          -6.4864297879222133e-01, 3.8482659763799809e-01,
          6.5663595379320794e-01 ]
   - !!opencv-matrix
      rows: 3
      cols: 3
      dt: d
      data: [ -6.4677460276331283e-02, -6.9138593437181028e-01,
          7.1958482188344031e-01, 7.2536073088521102e-01,
          4.6264788350821040e-01, 5.0971437685731980e-01,
          -6.8532374555524933e-01, 5.5492560369674093e-01,
          4.7158131657215985e-01 ]
   - !!opencv-matrix
      rows: 3
      cols: 3
      dt: d
      data: [ 4.5454454534560756e-01, 4.2286503658853991e-01,
          -7.8394796838025393e-01, -5.0716165808787128e-01,
          8.4639485532351155e-01, 1.6248938872262700e-01,
          7.3224060858580908e-01, 3.2372968617793552e-01,
          5.9918509779951912e-01 ]
   - !!opencv-matrix
      rows: 3
      cols: 3
      dt: d
      data: [ -9.0126168701420117e-01, -1.9962013355454095e-01,
          3.8455061279366526e-01, 3.5124180223143880e-01,
          1.8304836034242211e-01, 9.1821701908707942e-01,
          -2.5368596312276931e-01, 9.6262406995442318e-01,
          -9.4859538576017033e-02 ]
   - !!opencv-matrix
      rows: 3
      cols: 3
      dt: d
      data: [ 9.8571164277913903e-01, -9.8566867504322281e-02,
          -1.3659110483496545e-01, 8.3997097889187106e-02,
          9.9052836676242906e-01, -1.0861879296488755e-01,
          1.4600357816110354e-01, 9.5593552446491703e-02,
          9.8465467443912258e-01 ]
   - !!opencv-matrix
      rows: 3
      cols: 3
      dt: d
      data: [ -9.7744978745986266e-01, 2.1108236006162295e-01,
          -6.0125090839524692e-03, 3.7593145255069974e-02,
          2.0195761111528610e-01, 9.7867250842272946e-01,
          2.0779477477670238e-01, 9.5637720622326716e-01,
          -2.0533867388311799e-01 ]
   - !!opencv-matrix
      rows: 3
      cols: 3
      dt: d
      data: [ -8.4793217248993724e-01, 3.8835727798416336e-01,
          -3.6081803654089484e-01, -2.5339924482485060e-01,
          3.0090896160640468e-01, 9.1937077370729492e-01,
          4.6561771183954193e-01, 8.7099507545202925e-01,
          -1.5674094857318877e-01 ]
   - !!opencv-matrix
      rows: 3
      cols: 3
      dt: d
      data: [ -6.5504631105423294e-01, 5.1550338766087922e-01,
          -5.5242247210300777e-01, -3.8171053753547246e-01,
          4.0519121077996323e-01, 8.3073289825373375e-01,
          6.5208235362461830e-01, 7.5503399924561332e-01,
          -6.8645932687621869e-02 ]
   - !!opencv-matrix
      rows: 3
      cols: 3
      dt: d
      data: [ -3.9257710521866701e-01, 5.2323342898654324e-01,
          -7.5637953122034940e-01, -5.9247927197341266e-01,
          4.8514912966255591e-01, 6.4311634582672439e-01,
          7.0345684213033732e-01, 7.0061194735648646e-01,
          1.1954652015581740e-01 ]
   - !!opencv-matrix
      rows: 3
      cols: 3
      dt: d
      data: [ -2.9478671836631859e-02, 5.2507629833040848e-01,
          -8.5054446611472589e-01, -6.0799269446500226e-01,
          6.6598575881968058e-01, 4.3221273989386394e-01,
          7.9339516723000947e-01, 5.2986587923833173e-01,
          2.9961017778949878e-01 ]
   - !!opencv-matrix
      rows: 3
      cols: 3
      dt: d
      data: [ 3.5602047721751490e-01, 4.1949707978368306e-01,
          -8.3502791561406819e-01, -5.8920806273475002e-01,
          7.9434012668546150e-01, 1.4784323435885730e-01,
          7.2531598535409103e-01, 4.3936996163858011e-01,
          5.2997241267780804e-01 ]
   - !!opencv-matrix
      rows: 3
      cols: 3
      dt: d
      data: [ 7.0825779074781414e-01, 3.1047604196153544e-01,
          -6.3401540140041091e-01, -4.8913131141300203e-01,
          8.6340832026506198e-01, -1.2359867593328297e-01,
          5.0903974504985561e-01, 3.9765650989888590e-01,
          7.6337922299117811e-01 ]
Motions:
   - !!opencv-matrix
      rows: 3
      cols: 1
      dt: d
      data: [ 0., 0., 0. ]
   - !!opencv-matrix
      rows: 3
      cols: 1
      dt: d
      data: [ -9.5645127883819658e-01, -1.3252904894926132e-01,
          2.6007114871392917e-01 ]
   - !!opencv-matrix
      rows: 3
      cols: 1
      dt: d
      data: [ -1.9645783419547997e+00, -3.3532564977130475e-01,
          9.4468767814940480e-01 ]
   - !!opencv-matrix
      rows: 3
      cols: 1
      dt: d
      data: [ -2.2808746586288451e+00, -9.5683518489723085e-01,
          1.3716767471819942e+00 ]
   - !!opencv-matrix
      rows: 3
      cols: 1
      dt: d
      data: [ -2.5127038285203080e+00, -1.3272606599154870e+00,
          2.2562504809062021e+00 ]
   - !!opencv-matrix
      rows: 3
      cols: 1
      dt: d
      data: [ -2.6238478749592287e+00, -1.6338605649304214e+00,
          3.2871314397647979e+00 ]
   - !!opencv-matrix
      rows: 3
      cols: 1
      dt: d
      data: [ 2.9298116504400489e+00, -5.3992489978035862e-01,
          -7.2847108394025781e+00 ]
   - !!opencv-matrix
      rows: 3
      cols: 1
      dt: d
      data: [ -1.1000228493595070e+00, -3.5118971645728769e+00,
          5.0385395586295063e+00 ]
   - !!opencv-matrix
      rows: 3
      cols: 1
      dt: d
      data: [ -2.0374565623128763e-01, 2.3546045644433627e-01,
          -8.4892029974035488e+00 ]
   - !!opencv-matrix
      rows: 3
      cols: 1
      dt: d
      data: [ 8.9432243907896203e-01, -3.6989250446764932e+00,
          5.0609302775162019e+00 ]
   - !!opencv-matrix
      rows: 3
      cols: 1
      dt: d
      data: [ 2.0392268393520530e+00, -3.2565667338831896e+00,
          4.5058926467773883e+00 ]
   - !!opencv-matrix
      rows: 3
      cols: 1
      dt: d
      data: [ 2.7521072847610322e+00, -2.8132898242400635e+00,
          3.9713712547883206e+00 ]
   - !!opencv-matrix
      rows: 3
      cols: 1
      dt: d
      data: [ 3.1554343759471948e+00, -2.0735192498155492e+00,
          2.8702791186076424e+00 ]
   - !!opencv-matrix
      rows: 3
      cols: 1
      dt: d
      data: [ 3.5261532949164205e+00, -9.8395679133128033e-01,
          2.6932153559312604e+00 ]
   - !!opencv-matrix
      rows: 3
      cols: 1
      dt: d
      data: [ 3.0535440375621934e+00, -2.1033112864930709e-01,
          1.8802831248517342e+00 ]
   - !!opencv-matrix
      rows: 3
      cols: 1
      dt: d
      data: [ 2.2061377586738855e+00, 6.8747133617858225e-01,
          1.1971088582441658e+00 ]
Points:
   - [ -2.3452981048198427e+00, 6.4324049929680849e-01,
       3.4460548615263669e+00 ]
   - [ -3.6561894316428036e+00, -1.5142654988588882e+00,
       5.3791545913314245e+00 ]
   - [ -2.6610847730590237e+00, 1.3159531316926074e-01,
       3.9242142916780627e+00 ]
   - [ -2.7473028961923651e+00, -2.5618450121004364e-02,
       4.0608801885574310e+00 ]
   - [ -3.3353470749258807e+00, -1.0321180407391566e+00,
       4.9326601031136557e+00 ]
   - [ -2.6599825515360709e+00, 1.0115673810948766e-01,
       3.9491891316054466e+00 ]
   - [ -2.7144401892982142e+00, -5.4142847706303690e-02,
       4.0792314942115047e+00 ]
   - [ -3.3114900338997346e+00, -1.1179422052115611e+00,
       5.0166305404806391e+00 ]
   - [ -2.6728300399736180e+00, -5.3506251851606276e-02,
       4.0769463983252843e+00 ]
   - [ -3.3804475154508458e+00, -1.2714899977228109e+00,
       5.1655046803310256e+00 ]
   - [ -3.2954891455016266e+00, -1.3928876298562145e+00,
       5.3070226215736414e+00 ]
   - [ -2.4824163649167548e+00, 1.2954971110407812e-02,
       4.0359870353326288e+00 ]
   - [ -3.8282467116063272e+00, -2.5867386205127607e+00,
       6.3319621443650806e+00 ]
   - [ -3.2887721920443451e+00, -1.7301862170229654e+00,
       5.6258909039329854e+00 ]
   - [ -2.0107857115948264e+00, 5.6547874589910441e-01,
       3.5502026785468468e+00 ]
   - [ -2.2983507194860611e+00, -2.4681184271393699e-03,
       4.0653284693593239e+00 ]
   - [ -2.2197049854387374e+00, -7.1265134491118187e-01,
       4.7299057763013366e+00 ]
   - [ -2.1933481211444210e+00, -6.8031448925080562e-01,
       4.6893991123356225e+00 ]
   - [ -2.1573700003319169e+00, -6.5413758536230759e-01,
       4.6632652418399312e+00 ]
   - [ -2.0690961528241192e+00, -6.9396913348844724e-01,
       4.7041024091724992e+00 ]
   - [ -2.0690961528241192e+00, -6.9396913348844724e-01,
       4.7041024091724992e+00 ]
   - [ -2.0490645676329216e+00, -7.2146601983588543e-01,
       4.7305332082794189e+00 ]
   - [ -2.0240673280263746e+00, -7.3225613893624630e-01,
       4.7397419837529400e+00 ]
   - [ -2.0258330165594920e+00, -7.3340109374233042e-01,
       4.7426799312066654e+00 ]
   - [ -1.4313928490035672e+00, 7.2695711721299583e-01,
       3.3909782643786124e+00 ]
   - [ -1.3979509765386982e+00, 8.2361418574884382e-01,
       3.3352482172139610e+00 ]
   - [ -1.4148205401811813e+00, 6.5707103368982833e-01,
       3.4770677702861401e+00 ]
   - [ -1.3492309703224725e+00, 6.5337499318346315e-01,
       3.4957597357101502e+00 ]
   - [ -1.8196299571760604e+00, -7.1614088032204093e-01,
       4.7266049709731908e+00 ]
   - [ -1.1411123064872124e+00, 1.2078376520441647e+00,
       3.0010313915417597e+00 ]
   - [ -1.1316262109755053e+00, 1.1507406158498015e+00,
       3.0673009905573561e+00 ]
   - [ -1.7369052634735942e+00, -7.6113536413020533e-01,
       4.7628583616636249e+00 ]
   - [ -1.1221396089649176e+00, 1.1299719613462893e+00,
       3.0733740488869303e+00 ]
   - [ -1.0898756128697848e+00, 1.1660927589719541e+00,
       3.0482894195370496e+00 ]
   - [ -1.0951346306119754e+00, 1.0266073359333210e+00,
       3.1469078975729308e+00 ]
   - [ -1.0894418311653788e+00, 1.0347525092311847e+00,
       3.1448969364206572e+00 ]
   - [ -1.0218677395481039e+00, 1.1331684288695263e+00,
       3.0381132525415842e+00 ]
   - [ -1.0524683026813721e+00, 1.0298674648949193e+00,
       3.1443314558574813e+00 ]
   - [ -1.0123521655882042e+00, 1.1932193040091625e+00,
       3.0196224542224930e+00 ]
   - [ -1.0353888949720937e+00, 9.8404553061578037e-01,
       3.1846707730747701e+00 ]
   - [ -9.0979907074401056e-01, 1.0130277358612048e+00,
       3.1752174043087695e+00 ]
   - [ -8.3680147099120095e-01, 1.1652023576344575e+00,
       3.0363763510885984e+00 ]
   - [ -1.7538777863679216e+00, -2.5413901596338997e+00,
       6.3680187180782513e+00 ]
   - [ -1.7538777863679216e+00, -2.5413901596338997e+00,
       6.3680187180782513e+00 ]
   - [ -8.7102356366458733e-01, 1.0188137175611642e+00,
       3.1655095745350752e+00 ]
   - [ -1.1171139670803274e+00, -7.7419612440787267e-02,
       4.1665306782163603e+00 ]
   - [ -1.1291182987354691e+00, -1.7092944214557002e-01,
       4.2308308141571285e+00 ]
   - [ -1.1291182987354691e+00, -1.7092944214557002e-01,
       4.2308308141571285e+00 ]
   - [ -1.0939232474923757e+00, -1.2804001379629637e-01,
       4.2032826368152483e+00 ]
   - [ -1.0048325161012683e+00, 2.3140297193217471e-01,
       3.8807525761060147e+00 ]
   - [ -1.0718857353867168e+00, -1.0203290392171779e-01,
       4.1684572003376044e+00 ]
   - [ -1.0718857353867168e+00, -1.0203290392171779e-01,
       4.1684572003376044e+00 ]
   - [ -1.0565366355286432e+00, -4.6198411377829839e-02,
       4.1371991825920151e+00 ]
   - [ -9.7535156227549513e-01, 2.7386854654908016e-01,
       3.8424743928873863e+00 ]
   - [ -9.3332921602610819e-01, 4.6306053497127542e-01,
       3.6783008005869857e+00 ]
   - [ -9.3332921602610819e-01, 4.6306053497127542e-01,
       3.6783008005869857e+00 ]
   - [ -9.6851088122473061e-01, 2.0829664008791376e-01,
       3.8970875037068402e+00 ]
   - [ -9.5016729878386175e-01, 2.8748165133353221e-01,
       3.8259392006872073e+00 ]
   - [ -9.1338888053471357e-01, 4.1742967525955249e-01,
       3.7038484095288373e+00 ]
   - [ -9.0702395000363334e-01, 4.2349521903330289e-01,
       3.7038233797105820e+00 ]
   - [ -8.9981266563131812e-01, 4.4197154783450926e-01,
       3.6896532729636471e+00 ]
   - [ -8.9656965552968204e-01, 4.3725962730634799e-01,
       3.7082484288621735e+00 ]
   - [ -7.2008769769328129e-01, 1.2018807072781996e+00,
       2.9985692745522128e+00 ]
   - [ -8.6851860401832404e-01, 4.6228192702969578e-01,
       3.6757278402555205e+00 ]
   - [ -8.3238823994433753e-01, 5.4299131709450132e-01,
       3.6024189644876752e+00 ]
   - [ -9.4156887126833511e-01, -4.0390671972043359e-02,
       4.1254708114364789e+00 ]
   - [ -8.1631996764443648e-01, 5.5203222653059369e-01,
       3.5865648215984915e+00 ]
   - [ -8.3930441894432928e-01, 4.3111060948492991e-01,
       3.7049290456915176e+00 ]
   - [ -8.0133740319803259e-01, 5.4877080640599984e-01,
       3.5941015893834432e+00 ]
   - [ -8.0133740319803259e-01, 5.4877080640599984e-01,
       3.5941015893834432e+00 ]
   - [ -6.9436785660111933e-01, 1.0556588669101312e+00,
       3.1333635117640259e+00 ]
   - [ -7.9416880307548299e-01, 5.6238152234968763e-01,
       3.5846713493851290e+00 ]
   - [ -7.8982519189072842e-01, 5.5011112926703831e-01,
       3.5914949693868641e+00 ]
   - [ -8.0398856491641613e-01, 4.5095838724963244e-01,
       3.6862350027615367e+00 ]
   - [ -7.9161588084381862e-01, 4.4732899996276615e-01,
       3.6907462358516741e+00 ]
   - [ -6.6869747299924420e-01, 1.0156835637563955e+00,
       3.1748261459358553e+00 ]
   - [ -7.3989186897707182e-01, 6.0034074162373552e-01,
       3.5528611059445567e+00 ]
   - [ -6.4689130280369689e-01, 1.0735486423755456e+00,
       3.1231468752025551e+00 ]
   - [ -7.5472988437073707e-01, 4.7600708659976282e-01,
       3.6645674819507144e+00 ]
   - [ -7.5472988437073707e-01, 4.7600708659976282e-01,
       3.6645674819507144e+00 ]
   - [ -6.4869074102319013e-01, 1.0366923462115887e+00,
       3.1556850408864827e+00 ]
   - [ -8.3983397831014139e-01, -2.0643651098195222e-02,
       4.1153233443649562e+00 ]
   - [ -7.4785821751344028e-01, 4.6358397525793787e-01,
       3.6788517971836612e+00 ]
   - [ -7.3759316035676992e-01, 4.6235074006296140e-01,
       3.6669979501381511e+00 ]
   - [ -7.3865609034156565e-01, 4.7275021597709638e-01,
       3.6753717582056256e+00 ]
   - [ -7.3148355790548691e-01, 4.8675602036348714e-01,
       3.6545071344955211e+00 ]
   - [ -8.3395706231320466e-01, -3.2704636924002900e-01,
       4.3853517111223965e+00 ]
   - [ -8.1421006861700529e-01, -3.0514939246979872e-01,
       4.3769895105214420e+00 ]
   - [ -7.6106024905364933e-01, -5.6735578475409658e-02,
       4.1459638209535985e+00 ]
   - [ -6.3929108509331123e-01, 5.8577431953160863e-01,
       3.5718691520106756e+00 ]
   - [ -5.5589102998914797e-01, 9.8751467208173227e-01,
       3.1985972316170534e+00 ]
   - [ -5.8141498309370954e-01, 6.7480666928908883e-01,
       3.4856517577977688e+00 ]
   - [ -5.7807598991148645e-01, 6.8262836115173897e-01,
       3.4787171456002928e+00 ]
   - [ -5.8570915051108952e-01, 5.9446853032257230e-01,
       3.5679565828893867e+00 ]
   - [ -5.8416126796239853e-01, 5.0906511351063954e-01,
       3.6431620333041042e+00 ]
   - [ -6.6469705599095852e-01, -9.3378019366876508e-02,
       4.1790896111550193e+00 ]
   - [ -5.7588109831573131e-01, 5.1324512542020273e-01,
       3.6282206448797192e+00 ]
   - [ -5.7965189625950708e-01, 4.6869121588381568e-01,
       3.6692883482957850e+00 ]
   - [ -5.7965189625950708e-01, 4.6869121588381568e-01,
       3.6692883482957850e+00 ]
   - [ -5.3873488196976727e-01, 7.2192503859939594e-01,
       3.4392226498568093e+00 ]
   - [ -4.4321474513938997e-01, 1.3907619979304118e+00,
       2.8437215098493573e+00 ]
   - [ -4.4463792749770709e-01, 1.3940898795476888e+00,
       2.8499283741259362e+00 ]
   - [ -5.2660436797499066e-01, 6.8536128644534333e-01,
       3.4765274344143000e+00 ]
   - [ -5.2660436797499066e-01, 6.8536128644534333e-01,
       3.4765274344143000e+00 ]
   - [ -5.4380816661569564e-01, 5.1734742726379479e-01,
       3.6356991078862531e+00 ]
   - [ -5.4380816661569564e-01, 5.1734742726379479e-01,
       3.6356991078862531e+00 ]
   - [ -5.1125537119965603e-01, 6.9943683741867213e-01,
       3.4609536582119254e+00 ]
   - [ -4.9789820814063285e-01, 7.1269588613303092e-01,
       3.4479706753708612e+00 ]
   - [ -4.5146960800091912e-01, 9.8447540553767843e-01,
       3.2054090447002892e+00 ]
   - [ -4.9371454614615534e-01, 6.4950097360163861e-01,
       3.5062413823003329e+00 ]
   - [ -4.8320601779516903e-01, 6.9777343496383692e-01,
       3.4659433766407646e+00 ]
   - [ -4.8553606681249928e-01, 6.6581227904513962e-01,
       3.5014230608840351e+00 ]
   - [ -4.9885800636187272e-01, 5.0483798630841403e-01,
       3.6374662039401970e+00 ]
   - [ -5.0016696626407697e-01, 4.8539562200745712e-01,
       3.6542466817843251e+00 ]
   - [ -4.3429075770058323e-01, 9.9078939084676665e-01,
       3.2218023530248807e+00 ]
   - [ -3.6541341506813818e-01, 1.4019942809652803e+00,
       2.8317422310577869e+00 ]
   - [ -4.5336201570910351e-01, 4.7876344932142734e-01,
       3.6637555814064258e+00 ]
   - [ -3.8305890322245878e-01, 9.6836081163215304e-01,
       3.2234299293789537e+00 ]
   - [ -4.0378474909080192e-01, 6.7919175814061028e-01,
       3.4929193912887353e+00 ]
   - [ -4.0378474909080192e-01, 6.7919175814061028e-01,
       3.4929193912887353e+00 ]
   - [ -3.6940309033033453e-01, 9.6489610196241915e-01,
       3.2248026624413577e+00 ]
   - [ -3.8506889103906006e-01, 5.0882070501621512e-01,
       3.6494761700001423e+00 ]
   - [ -3.7525409805129056e-01, 4.8868057123815867e-01,
       3.6544510536410493e+00 ]
   - [ -3.6402280628418110e-01, 5.3863044642750535e-01,
       3.6200950564498058e+00 ]
   - [ -3.6200022738823512e-01, 5.0741855663601410e-01,
       3.6416058354069150e+00 ]
   - [ -3.4553451448969064e-01, 6.4868697510397111e-01,
       3.5158068400246809e+00 ]
   - [ -3.5070691680924632e-01, 5.3923769517915521e-01,
       3.6117500344058708e+00 ]
   - [ -3.0669044168952747e-01, 9.5706699136440343e-01,
       3.2273820710729724e+00 ]
   - [ -2.9797289324186893e-01, 1.0140678968389079e+00,
       3.1742469801982516e+00 ]
   - [ -2.7495612001127151e-01, 1.0875776201145195e+00,
       3.1173354331849579e+00 ]
   - [ -2.8048779153402670e-01, 6.7193316010294624e-01,
       3.4939066797920715e+00 ]
   - [ -3.4170642224502301e-01, -2.4825715616013921e-01,
       4.3274721885409493e+00 ]
   - [ -2.2907285862753179e-01, 1.0457877924710233e+00,
       3.1555623222924289e+00 ]
   - [ -1.6115954646340019e-01, 1.2570933712317169e+00,
       2.9504957344019838e+00 ]
   - [ -2.3569914738751474e-01, -3.0295214505341117e+00,
       6.8159619511628167e+00 ]
   - [ -1.9639691035353626e-01, -2.0866482553489689e+00,
       5.9337472155914366e+00 ]
   - [ -2.0399267326239337e-01, -2.8065009046532894e+00,
       6.5940337100163058e+00 ]
   - [ -2.0399267326239337e-01, -2.8065009046532894e+00,
       6.5940337100163058e+00 ]
   - [ -1.1790065656158656e-01, -6.8289966201082353e-02,
       3.8355597399922576e+00 ]
   - [ -8.2427133256200866e-02, -2.2332393507075016e-01,
       3.8156625676826299e+00 ]
   - [ -7.7898002545812098e-02, 3.4465456721826376e-01,
       3.7891517235513441e+00 ]
   - [ -5.6392780383281521e-02, 3.8975623539779797e-01,
       3.7560276629093190e+00 ]
   - [ -8.6482568750682068e-02, -3.0187641100765354e+00,
       6.8156474314819082e+00 ]
   - [ -4.5639739284870778e-02, 3.3440863590479109e-01,
       3.8013798902124378e+00 ]
   - [ 4.3148327041339384e-02, -3.0127160810752036e+00,
       6.7511751472521118e+00 ]
   - [ 3.9141167928129827e-02, -3.0538136674025393e+00,
       6.8465497328018392e+00 ]
   - [ 1.0802380817630705e-01, -3.2776815096990757e+00,
       7.0486939521281249e+00 ]
   - [ 1.2884960283633856e-01, -3.3564739110301147e+00,
       7.1113603135879435e+00 ]
   - [ 1.2570422744392898e-01, -2.7213657741274049e+00,
       6.5428712430921498e+00 ]
   - [ 3.1176349347916132e-01, -3.4304368024706573e+00,
       7.1885156245273301e+00 ]
   - [ 3.2110627861392210e-01, -3.2602201524944632e+00,
       7.0366490667447943e+00 ]
   - [ 1.7857015606996388e-01, -1.7876672075482289e-01,
       3.4099173477576823e+00 ]
   - [ 3.8856815190376337e-01, -3.3892689257596209e+00,
       7.1444545384185512e+00 ]
   - [ 1.7369130679614683e-01, -5.4601357721519983e-01,
       2.7712814346694250e+00 ]
   - [ 1.8755956306253718e-01, -5.2384934277066131e-01,
       2.7754867110920363e+00 ]
   - [ 1.9175086401278729e-01, -5.4004369688582277e-01,
       2.7676670905871701e+00 ]
   - [ 2.1222636838645162e-01, -5.7827922561879919e-01,
       2.7523340192902994e+00 ]
   - [ 2.1222636838645162e-01, -5.7827922561879919e-01,
       2.7523340192902994e+00 ]
   - [ 5.0711951485507467e-01, -2.2708478450844245e+00,
       6.1475369576725463e+00 ]
   - [ 2.2929554349510786e-01, -5.2892693507830435e-01,
       2.7655551221597552e+00 ]
   - [ 2.2929554349510786e-01, -5.2892693507830435e-01,
       2.7655551221597552e+00 ]
   - [ 2.2929554349510786e-01, -5.2892693507830435e-01,
       2.7655551221597552e+00 ]
   - [ 2.3363824889549600e-01, -5.4558211505773158e-01,
       2.7604702419556175e+00 ]
   - [ 2.3685077946732550e-01, -5.1805619603533370e-01,
       2.7682660272279294e+00 ]
   - [ 2.3685077946732550e-01, -5.1805619603533370e-01,
       2.7682660272279294e+00 ]
   - [ 2.3875868619902679e-01, -5.6209758973228330e-01,
       2.7546821615122976e+00 ]
   - [ 2.3875868619902679e-01, -5.6209758973228330e-01,
       2.7546821615122976e+00 ]
   - [ 2.3875868619902679e-01, -5.6209758973228330e-01,
       2.7546821615122976e+00 ]
   - [ 2.4525164082333495e-01, -5.0516769806370310e-01,
       2.7623229583132609e+00 ]
   - [ 2.4434342007089480e-01, -5.7945042307693473e-01,
       2.7502252207581037e+00 ]
   - [ 2.4579508310079254e-01, -5.5116821588503850e-01,
       2.7573167642434604e+00 ]
   - [ 2.4579508310079254e-01, -5.5116821588503850e-01,
       2.7573167642434604e+00 ]
   - [ 2.4998735258232191e-01, -5.2169860487151543e-01,
       2.7562570586345112e+00 ]
   - [ 2.5437392614182630e-01, -5.3813718988005022e-01,
       2.7502585693367645e+00 ]
   - [ 2.5621588769160125e-01, -5.1308669485236935e-01,
       2.7700840423015642e+00 ]
   - [ 2.5837663761879343e-01, -5.3044476258041295e-01,
       2.7656143668053574e+00 ]
   - [ 2.6558933658679690e-01, -5.0247281330534277e-01,
       2.7746288715948930e+00 ]
   - [ 2.6637950302965224e-01, -5.4461395543851099e-01,
       2.7480387133407946e+00 ]
   - [ 2.6620641891291125e-01, -5.4640563950997578e-01,
       2.7581861692972187e+00 ]
   - [ 2.6620641891291125e-01, -5.4640563950997578e-01,
       2.7581861692972187e+00 ]
   - [ 2.7258827007481556e-01, -5.3204738388715123e-01,
       2.7663080683664010e+00 ]
   - [ 2.5248416599778700e-01, -5.2816193942975720e-01,
       2.5081194233543629e+00 ]
   - [ 2.8614376677199094e-01, -5.2508968913447829e-01,
       2.7692268025039972e+00 ]
   - [ 2.8914626997978210e-01, -5.4029361626301675e-01,
       2.7523735476876947e+00 ]
   - [ 2.8914626997978210e-01, -5.4029361626301675e-01,
       2.7523735476876947e+00 ]
   - [ 2.9307933457779606e-01, -5.5685395857287978e-01,
       2.7495231065615329e+00 ]
   - [ 2.9682394846971200e-01, -5.2950328666754742e-01,
       2.7584329623528228e+00 ]
   - [ 3.0302285510197663e-01, -5.4670863640711687e-01,
       2.7540439391015159e+00 ]
   - [ 3.0775180884414799e-01, -5.3860441542724768e-01,
       2.7697443657440366e+00 ]
   - [ 3.0775180884414799e-01, -5.3860441542724768e-01,
       2.7697443657440366e+00 ]
   - [ 3.9718787172170672e-01, 7.4704087751312531e-01,
       3.4188242233584658e+00 ]
   - [ 4.1711650968580721e-01, 3.4347434028870771e-01,
       3.5635151675131311e+00 ]
   - [ 8.9369323528357858e-01, -3.9262160166669262e+00,
       7.5297693820735612e+00 ]
   - [ 4.3146236900498081e-01, 7.5441611444612411e-01,
       3.4243179943948965e+00 ]
   - [ 4.3146236900498081e-01, 7.5441611444612411e-01,
       3.4243179943948965e+00 ]
   - [ 9.8925407874790405e-01, -3.8801846688278259e+00,
       7.5037843953157353e+00 ]
   - [ 4.5399577226359844e-01, 7.3440236600696962e-01,
       3.4421005820035204e+00 ]
   - [ 9.8199158544137677e-01, -3.6741586851082788e+00,
       7.4247224184862848e+00 ]
   - [ 1.0671670869257157e+00, -3.7907894742765977e+00,
       7.5103466777586521e+00 ]
   - [ 5.4213508896294738e-01, 2.7418717220491928e-01,
       3.5959930972096141e+00 ]
   - [ 5.3425177707790084e-01, 7.5220303758640483e-01,
       3.4227558191051433e+00 ]
   - [ 8.8612858233945213e-01, -1.7091937023568209e+00,
       5.6473160856598090e+00 ]
   - [ 8.8690501717024539e-01, -1.6823414873299871e+00,
       5.6270269362940750e+00 ]
   - [ 5.6150615172152485e-01, 3.8083547139842672e-01,
       3.5042983752663681e+00 ]
   - [ 9.6364061399703393e-01, -1.7887223836730188e+00,
       5.7145588118330126e+00 ]
   - [ 1.2006843949915218e+00, -3.3384128821854140e+00,
       7.0217434629362980e+00 ]
   - [ 1.4156761616824765e+00, -3.6217627849369149e+00,
       7.3661057086268489e+00 ]
   - [ 7.5675855914010137e-01, 3.0495720011501382e-01,
       3.8337543629510744e+00 ]
   - [ 1.4536853128115854e+00, -3.6145295339352330e+00,
       7.3595471561577632e+00 ]
   - [ 1.5590477171212596e+00, -3.9330888976196516e+00,
       7.6447210037549702e+00 ]
   - [ 8.1805687068788646e-01, 1.5629532793452774e-01,
       3.9753183024807273e+00 ]
   - [ 8.1805687068788646e-01, 1.5629532793452774e-01,
       3.9753183024807273e+00 ]
   - [ 1.4513499005390100e+00, -2.9051528582226278e+00,
       6.7522300897918832e+00 ]
   - [ 1.3803798377001879e+00, -2.5557856075966798e+00,
       6.4060720944010168e+00 ]
   - [ 1.4202920255513654e+00, -2.5575307025586320e+00,
       6.4080914973385195e+00 ]
   - [ 9.7140800371375946e-01, -1.5248685566493353e-01,
       4.2589827886641789e+00 ]
   - [ 1.6792942507883901e+00, -3.3639225389478598e+00,
       7.0635394761010941e+00 ]
   - [ 1.7176557968674475e+00, -3.4999030727657319e+00,
       7.2621058418835549e+00 ]
   - [ 1.5618538993416997e+00, -2.6262153320910504e+00,
       6.4720434805147855e+00 ]
   - [ 1.7404008427967572e+00, -3.4320853719390976e+00,
       7.1949189620281855e+00 ]
   - [ 1.0751757137670870e+00, -3.6269656545161061e-01,
       4.4114816597159061e+00 ]
   - [ 7.5720826280258136e-01, 1.1693910595990933e+00,
       3.0456883040698002e+00 ]
   - [ 7.1530760151234274e-01, 1.3563586417222868e+00,
       2.8716569502892222e+00 ]
   - [ 9.3957381562929498e-01, -6.0275197816591697e-01,
       3.7642024355217991e+00 ]
   - [ 1.8382740569812652e+00, -3.6077252730025724e+00,
       7.3588232290159121e+00 ]
   - [ 9.4133458436137385e-01, -6.6030926248330846e-01,
       3.7204164758728244e+00 ]
   - [ 1.8291354745321107e+00, -3.4669245907461814e+00,
       7.2299615135707151e+00 ]
   - [ 1.8094672389645194e+00, -3.3902797086661041e+00,
       7.1434652794585265e+00 ]
   - [ 8.2961754198459170e-01, 9.6126379556148722e-01,
       3.2350891321793616e+00 ]
   - [ 8.0814751360866488e-01, 1.0601977904119719e+00,
       3.1522959849450984e+00 ]
   - [ 8.1416671124788464e-01, 1.0403503927740334e+00,
       3.1670760426583300e+00 ]
   - [ 8.1777969510458626e-01, 1.0339872549658975e+00,
       3.1712321263383401e+00 ]
   - [ 1.9245477590170896e+00, -3.6079233136680533e+00,
       7.3514410655415467e+00 ]
   - [ 8.3704224277244721e-01, 9.9641979844738882e-01,
       3.1932261723920603e+00 ]
   - [ 1.9965005198765513e+00, -3.8299147145982118e+00,
       7.5556112596597025e+00 ]
   - [ 1.9572764226257695e+00, -3.4567441862520942e+00,
       7.2253601681032729e+00 ]
   - [ 1.7554074135252098e+00, -2.5031201072801057e+00,
       6.3658705168558374e+00 ]
   - [ 8.9664352348326370e-01, 1.0084360065241762e+00,
       3.1901213854307811e+00 ]
   - [ 2.0674568873785963e+00, -3.5790367017521296e+00,
       7.3381939329865098e+00 ]
   - [ 9.0694510129058681e-01, 9.8439487329095643e-01,
       3.2096419189811387e+00 ]
   - [ 9.2691385744692256e-01, 9.7855864527137570e-01,
       3.2171197343151845e+00 ]
   - [ 9.3330673764785577e-01, 9.7280838787641444e-01,
       3.2311927957197373e+00 ]
   - [ 9.3776363832832321e-01, 9.6264077020003935e-01,
       3.2296042157167997e+00 ]
   - [ 9.5082098918753777e-01, 9.7185071218828345e-01,
       3.2367292362947704e+00 ]
   - [ 9.4053935259975463e-01, 1.0153953252775969e+00,
       3.1910777131243599e+00 ]
   - [ 9.4054251301063674e-01, 1.0228632121466064e+00,
       3.1784013300596849e+00 ]
   - [ 1.5123501392395444e+00, -8.4719940723648957e-01,
       4.8374549058109038e+00 ]
   - [ 9.9979047730408599e-01, 9.8783895426683099e-01,
       3.2012322804180147e+00 ]
   - [ 1.4922466504273877e+00, -7.2355319072973634e-01,
       4.7647092685767607e+00 ]
   - [ 1.0018932245319196e+00, 9.9621345367010694e-01,
       3.1975475574230896e+00 ]
   - [ 1.4184726451303777e+00, -4.3753078774886878e-01,
       4.5120762810146253e+00 ]
   - [ 2.3699197178396392e+00, -3.7985931470409051e+00,
       7.4672626745101338e+00 ]
   - [ 1.0127350179477230e+00, 1.0177412930684879e+00,
       3.1846286948740916e+00 ]
   - [ 9.8656668798053171e-01, 1.2469692644141768e+00,
       2.9700692512591158e+00 ]
   - [ 1.0630215104614771e+00, 9.9313099885093592e-01,
       3.1948423367142018e+00 ]
   - [ 1.5203609508567022e+00, -5.0321654281324213e-01,
       4.5683890585566678e+00 ]
   - [ 1.5203609508567022e+00, -5.0321654281324213e-01,
       4.5683890585566678e+00 ]
   - [ 1.0226118766462597e+00, 1.2352953123714439e+00,
       3.0018136888492943e+00 ]
   - [ 1.0565311098061696e+00, 1.1866611443959767e+00,
       3.0394509423773344e+00 ]
   - [ 1.0285700919044927e+00, 1.2859520957795469e+00,
       2.9336320021555395e+00 ]
   - [ 1.0609020129283877e+00, 1.1888557569438345e+00,
       3.0213354059737214e+00 ]
   - [ 1.0664490331063512e+00, 1.2078095742317128e+00,
       3.0078153939447141e+00 ]
   - [ 1.0662285496435300e+00, 1.2303769793674619e+00,
       2.9807606023994913e+00 ]
   - [ 1.3757443751225893e+00, 3.0954999744023709e-01,
       3.8441990279676181e+00 ]
   - [ 1.6235160303878742e+00, -4.4282935935183954e-01,
       4.5080881701591151e+00 ]
   - [ 1.1460531698159651e+00, 1.0255027689701319e+00,
       3.1822230189976435e+00 ]
   - [ 1.1460531698159651e+00, 1.0255027689701319e+00,
       3.1822230189976435e+00 ]
   - [ 1.0856229374688724e+00, 1.2016991842265916e+00,
       3.0075301279093827e+00 ]
   - [ 1.0856229374688724e+00, 1.2016991842265916e+00,
       3.0075301279093827e+00 ]
   - [ 1.1344782329326899e+00, 1.0920855816962904e+00,
       3.1321196090730150e+00 ]
   - [ 1.1344782329326899e+00, 1.0920855816962904e+00,
       3.1321196090730150e+00 ]
   - [ 1.1249154506708849e+00, 1.1311367120079205e+00,
       3.0770126224953156e+00 ]
   - [ 1.0631780641053421e+00, 1.3157346568848365e+00,
       2.9051267680043282e+00 ]
   - [ 2.6409416104465104e+00, -3.4941829215334033e+00,
       7.2115121255682180e+00 ]
   - [ 1.1334019794036594e+00, 1.1331981266514382e+00,
       3.0730572506521558e+00 ]
   - [ 1.6609163256987658e+00, -4.3577702969223447e-01,
       4.4991688468570361e+00 ]
   - [ 1.6617084456996913e+00, -4.2413431854939260e-01,
       4.4937521908416045e+00 ]
   - [ 1.1777944413072681e+00, 1.0182196828680210e+00,
       3.1841037370057821e+00 ]
   - [ 1.1907888873438415e+00, 1.0268464621200455e+00,
       3.1664535789262969e+00 ]
   - [ 1.8894568151354314e+00, -1.0126943301255977e+00,
       5.0152871644387158e+00 ]
   - [ 1.7041203945121426e+00, -4.4585544467828109e-01,
       4.5152275970049702e+00 ]
   - [ 1.7033134650332518e+00, -4.3971387132972506e-01,
       4.5098498074725129e+00 ]
   - [ 1.1498116174712838e+00, 1.1828580714831287e+00,
       3.0258269116907206e+00 ]
   - [ 2.7855345607092055e+00, -3.5040692520058956e+00,
       7.2319743669606353e+00 ]
   - [ 2.4011937995211388e+00, -2.1628400610668632e+00,
       6.0694495958784831e+00 ]
   - [ 1.9657808684746720e+00, -9.0449939212017672e-01,
       4.8909957775065083e+00 ]
   - [ 2.6692102421750619e+00, -1.5811624231670005e+00,
       5.4894369587476257e+00 ]
   - [ 1.9015197474094414e+00, 3.0902138282014929e-01,
       3.8291468188766813e+00 ]
   - [ 1.9490998877737711e+00, 4.2071160001699570e-01,
       3.7276608051101405e+00 ]
   - [ 3.1283188642615700e+00, -2.0232274656458213e+00,
       5.9435419463827683e+00 ]
   - [ 2.4244991448017821e+00, 3.1586205993146499e-01,
       3.8123316030713243e+00 ]
   - [ 2.4801223692691168e+00, 2.6583160303117465e-01,
       3.8617383110890873e+00 ]
   - [ 2.4778202783889554e+00, 2.7454743691808992e-01,
       3.8561888488426357e+00 ]
   - [ 2.6705589944111696e+00, 2.4035226164254967e-02,
       4.0837509001679919e+00 ]
   - [ 2.6774052296884627e+00, 2.0430342702439121e-02,
       4.0820451290291961e+00 ]
   - [ 2.7185563147423992e+00, 5.3392574135254299e-02,
       4.0434778262591502e+00 ]
   - [ 2.7334459124872605e+00, 3.9939405538413061e-02,
       4.0621959268363446e+00 ]
   - [ 2.7668756639474075e+00, 3.1763847442384210e-02,
       4.0754146319408902e+00 ]
   - [ 2.8736894438341238e+00, -1.0079918922567706e-01,
       -1.6182819943770153e+00 ]
   - [ -2.4681225520250463e+00, 7.5090496096874504e-01,
       3.4166571908294006e+00 ]
   - [ -2.4843371121834226e+00, 7.5120810418937212e-01,
       3.4507902127615915e+00 ]
   - [ -3.1944060142895223e+00, 9.3905640385083672e-02,
       3.9825578452011583e+00 ]
   - [ -7.2306699741110392e-01, -7.7371922997635489e-01,
       1.4482328536391760e+00 ]
   - [ -2.4645335862196562e+00, 6.7238598020942919e-01,
       3.5330682715470050e+00 ]
   - [ -4.2492995190597211e+00, -9.3841750080429798e-01,
       4.9352209446725510e+00 ]
   - [ -3.2250318218283671e+00, -5.2921583437911264e-02,
       4.1697001090598320e+00 ]
   - [ -3.0598762977680454e+00, 7.7025926296550293e-02,
       4.0646064791531034e+00 ]
   - [ 2.5247187164212672e+00, 1.3211893829027813e-01,
       -1.8313417560908409e+00 ]
   - [ -4.0655623812699595e+00, -8.3365515939172385e-01,
       4.8438256093678032e+00 ]
   - [ -4.1775361005890019e+00, -9.6328328349464010e-01,
       4.9388547687149948e+00 ]
   - [ -2.5918546732808978e+00, 4.3270622806090797e-01,
       3.7266226123235211e+00 ]
   - [ 3.6598334935723051e+00, -8.5601703051008349e-01,
       -3.6916871232010084e+00 ]
   - [ -4.1333653037500273e+00, -9.7637278636331903e-01,
       4.9783687330309139e+00 ]
   - [ -2.6097478544898647e+00, 8.6284963903325440e-01,
       3.9747232004444686e+00 ]
   - [ -4.5583913013426214e+00, -1.4953599697420754e+00,
       5.3897840492984832e+00 ]
   - [ -2.7002318822647138e+00, 1.9430198092856790e-01,
       3.9562713217232512e+00 ]
   - [ -4.3163335188303922e+00, -2.9565994106935817e-01,
       5.5454447715966557e+00 ]
   - [ -3.5741821264489277e+00, -6.3511187639521338e-01,
       4.6711171991752263e+00 ]
   - [ -4.5449372027401971e+00, -1.5624039818567741e+00,
       5.4692305688023515e+00 ]
   - [ -3.0707067959404206e+00, -1.8153836250732000e-01,
       4.2895907568731166e+00 ]
   - [ -4.4271348310345067e+00, -1.4829833400093970e+00,
       5.3886737632372235e+00 ]
   - [ -2.9678377608673490e+00, -9.6314928722767659e-02,
       4.2707671858722920e+00 ]
   - [ -6.9994076583304476e-01, 1.3597635422140513e+00,
       2.3197861959213046e+00 ]
   - [ -9.6580907996551557e-01, 1.5348886264019992e+00,
       2.7316371797840771e+00 ]
   - [ -9.6070249221698101e-01, 1.5304877552089515e+00,
       2.7249287534252131e+00 ]
   - [ -3.2607517513020126e+00, -6.9894395512711738e-01,
       4.7058011760707190e+00 ]
   - [ -9.3290393888859957e-01, 1.5689252669765810e+00,
       2.7085013831514893e+00 ]
   - [ -8.5175749294613734e-01, 1.6443340620596916e+00,
       2.6379820257432733e+00 ]
   - [ -1.2123339494044798e+00, 1.2581143934218235e+00,
       2.9892801214393496e+00 ]
   - [ -8.3853106897903851e-01, 1.5898157588383977e+00,
       2.6814021873342035e+00 ]
   - [ -8.4025617902426653e-01, 1.5920416099164834e+00,
       2.6842595689919064e+00 ]
   - [ -8.3677507249795713e-01, 1.5569023448709138e+00,
       2.7131252726930297e+00 ]
   - [ -3.3352098174427431e+00, -1.0835830053581577e+00,
       5.0329262700083133e+00 ]
   - [ -7.9774149822775442e-01, 1.5416341866139935e+00,
       2.7397400172893094e+00 ]
   - [ -7.9681202838838439e-01, 1.5398998828476946e+00,
       2.7378036581524086e+00 ]
   - [ -3.7239895590887273e+00, -1.4823536764446157e+00,
       5.4032600469475653e+00 ]
   - [ -3.7239895590887273e+00, -1.4823536764446157e+00,
       5.4032600469475653e+00 ]
   - [ -1.0434498190185362e+00, 1.2998464696168317e+00,
       2.9684075922001441e+00 ]
   - [ -7.1812737007558514e-01, 1.5929044705549229e+00,
       2.6774710364258865e+00 ]
   - [ -6.8802713506810609e-01, 1.6105328276259392e+00,
       2.6639871085443669e+00 ]
   - [ -6.9520085487931227e-01, 1.6029448938415241e+00,
       2.6739389014602208e+00 ]
   - [ -1.4937415758659021e+00, 7.9417769894863932e-01,
       3.4273669347771976e+00 ]
   - [ -8.3795995918834709e-01, 1.4483493384765376e+00,
       2.8068461702539564e+00 ]
   - [ -9.2128549870691290e-01, 1.3819555507015042e+00,
       2.9086691165726766e+00 ]
   - [ -7.0304356858824046e-01, 1.5708463966749286e+00,
       2.7021329443829663e+00 ]
   - [ -6.8065779546553229e-01, 1.5825801775594304e+00,
       2.6844712136415834e+00 ]
   - [ -6.7231271434224715e-01, 1.5783726960353306e+00,
       2.6895636037872102e+00 ]
   - [ -3.5110624786830638e+00, -1.4574150015485783e+00,
       5.3874305680042793e+00 ]
   - [ -3.3154157810108371e+00, -1.2760509445486885e+00,
       5.2287381377576487e+00 ]
   - [ -3.2702357370462547e+00, -1.2587170110003230e+00,
       5.2104910177036308e+00 ]
   - [ -1.4389622959275505e+00, 7.3026040129965519e-01,
       3.4787923035721047e+00 ]
   - [ -1.4389622959275505e+00, 7.3026040129965519e-01,
       3.4787923035721047e+00 ]
   - [ -3.6583205185523391e+00, -1.7189354269127286e+00,
       5.6066397632264087e+00 ]
   - [ -7.0424310796731038e-01, 1.4744480448302810e+00,
       2.7875378463284672e+00 ]
   - [ -7.0424310796731038e-01, 1.4744480448302810e+00,
       2.7875378463284672e+00 ]
   - [ -6.3690857436946879e-01, 1.5474994995904117e+00,
       2.7343458999376007e+00 ]
   - [ -7.6722676709675219e-01, 1.4239079819137430e+00,
       2.8686356512117999e+00 ]
   - [ -1.0610743826467313e+00, 1.0115148213529483e+00,
       3.2224984390231879e+00 ]
   - [ -9.8042524463685721e-01, 1.0907655103897407e+00,
       3.1671592630926675e+00 ]
   - [ -1.0020958398290412e+00, 1.0106320000953180e+00,
       3.2153903018717567e+00 ]
   - [ -6.8120203807168644e-01, 1.3555231326901180e+00,
       2.8996120375171301e+00 ]
   - [ -9.7551727661345100e-01, 1.0133098543906520e+00,
       3.2136028339076872e+00 ]
   - [ -3.9242642759886395e+00, -2.4911600765375828e+00,
       6.2388653321085732e+00 ]
   - [ -5.6336708567029152e+00, -3.1551033473722061e+00,
       8.5632294729485405e+00 ]
   - [ -3.9412057461290426e+00, -2.5503286559204672e+00,
       6.3257106931065339e+00 ]
   - [ -3.9412057461290426e+00, -2.5503286559204672e+00,
       6.3257106931065339e+00 ]
   - [ -5.9643011517402367e-01, 1.3720460361336388e+00,
       2.8962940037772400e+00 ]
