%YAML:1.0
---
Camera Count: 16
Point Count: 4805
Rotations:
   - !!opencv-matrix
      rows: 3
      cols: 3
      dt: d
      data: [ 1., 0., 0., 0., 1., 0., 0., 0., 1. ]
   - !!opencv-matrix
      rows: 3
      cols: 3
      dt: d
      data: [ 9.5649480745607529e-01, -2.0791922649519740e-01,
          2.0466381840277614e-01, 2.0321451979468910e-01,
          9.7814588179561890e-01, 4.3982870198351176e-02,
          -2.0933595547392164e-01, -4.7872738566897763e-04,
          9.7784366264035816e-01 ]
   - !!opencv-matrix
      rows: 3
      cols: 3
      dt: d
      data: [ 7.8436472737771334e-01, -4.6624571329527814e-01,
          4.0912945296013931e-01, 4.7986497165427838e-01,
          8.7403734442009973e-01, 7.6081072142148001e-02,
          -3.9306689433851355e-01, 1.3665158393826754e-01,
          9.0929904936837946e-01 ]
   - !!opencv-matrix
      rows: 3
      cols: 3
      dt: d
      data: [ 4.9282380959931871e-01, -6.5547368946254614e-01,
          5.7225775234099896e-01, 6.5723357273806915e-01,
          7.1141510719117829e-01, 2.4886256473426749e-01,
          -5.7023567369813655e-01, 2.5346160987913302e-01,
          7.8140161809373709e-01 ]
   - !!opencv-matrix
      rows: 3
      cols: 3
      dt: d
      data: [ 2.5391125656004510e-01, -7.0391153860751809e-01,
          6.6335331431092992e-01, 7.1748962351775702e-01,
          5.9700672991647141e-01, 3.5887547224460525e-01,
          -6.4864297879222133e-01, 3.8482659763799809e-01,
          6.5663595379320794e-01 ]
   - !!opencv-matrix
      rows: 3
      cols: 3
      dt: d
      data: [ -6.4677460276331283e-02, -6.9138593437181028e-01,
          7.1958482188344031e-01, 7.2536073088521102e-01,
          4.6264788350821040e-01, 5.0971437685731980e-01,
          -6.8532374555524933e-01, 5.5492560369674093e-01,
          4.7158131657215985e-01 ]
   - !!opencv-matrix
      rows: 3
      cols: 3
      dt: d
      data: [ 4.5454454534560756e-01, 4.2286503658853991e-01,
          -7.8394796838025393e-01, -5.0716165808787128e-01,
          8.4639485532351155e-01, 1.6248938872262700e-01,
          7.3224060858580908e-01, 3.2372968617793552e-01,
          5.9918509779951912e-01 ]
   - !!opencv-matrix
      rows: 3
      cols: 3
      dt: d
      data: [ -9.0126168701420117e-01, -1.9962013355454095e-01,
          3.8455061279366526e-01, 3.5124180223143880e-01,
          1.8304836034242211e-01, 9.1821701908707942e-01,
          -2.5368596312276931e-01, 9.6262406995442318e-01,
          -9.4859538576017033e-02 ]
   - !!opencv-matrix
      rows: 3
      cols: 3
      dt: d
      data: [ 9.8571164277913903e-01, -9.8566867504322281e-02,
          -1.3659110483496545e-01, 8.3997097889187106e-02,
          9.9052836676242906e-01, -1.0861879296488755e-01,
          1.4600357816110354e-01, 9.5593552446491703e-02,
          9.8465467443912258e-01 ]
   - !!opencv-matrix
      rows: 3
      cols: 3
      dt: d
      data: [ -9.7744978745986266e-01, 2.1108236006162295e-01,
          -6.0125090839524692e-03, 3.7593145255069974e-02,
          2.0195761111528610e-01, 9.7867250842272946e-01,
          2.0779477477670238e-01, 9.5637720622326716e-01,
          -2.0533867388311799e-01 ]
   - !!opencv-matrix
      rows: 3
      cols: 3
      dt: d
      data: [ -8.4793217248993724e-01, 3.8835727798416336e-01,
          -3.6081803654089484e-01, -2.5339924482485060e-01,
          3.0090896160640468e-01, 9.1937077370729492e-01,
          4.6561771183954193e-01, 8.7099507545202925e-01,
          -1.5674094857318877e-01 ]
   - !!opencv-matrix
      rows: 3
      cols: 3
      dt: d
      data: [ -6.5504631105423294e-01, 5.1550338766087922e-01,
          -5.5242247210300777e-01, -3.8171053753547246e-01,
          4.0519121077996323e-01, 8.3073289825373375e-01,
          6.5208235362461830e-01, 7.5503399924561332e-01,
          -6.8645932687621869e-02 ]
   - !!opencv-matrix
      rows: 3
      cols: 3
      dt: d
      data: [ -3.9257710521866701e-01, 5.2323342898654324e-01,
          -7.5637953122034940e-01, -5.9247927197341266e-01,
          4.8514912966255591e-01, 6.4311634582672439e-01,
          7.0345684213033732e-01, 7.0061194735648646e-01,
          1.1954652015581740e-01 ]
   - !!opencv-matrix
      rows: 3
      cols: 3
      dt: d
      data: [ -2.9478671836631859e-02, 5.2507629833040848e-01,
          -8.5054446611472589e-01, -6.0799269446500226e-01,
          6.6598575881968058e-01, 4.3221273989386394e-01,
          7.9339516723000947e-01, 5.2986587923833173e-01,
          2.9961017778949878e-01 ]
   - !!opencv-matrix
      rows: 3
      cols: 3
      dt: d
      data: [ 3.5602047721751490e-01, 4.1949707978368306e-01,
          -8.3502791561406819e-01, -5.8920806273475002e-01,
          7.9434012668546150e-01, 1.4784323435885730e-01,
          7.2531598535409103e-01, 4.3936996163858011e-01,
          5.2997241267780804e-01 ]
   - !!opencv-matrix
      rows: 3
      cols: 3
      dt: d
      data: [ 7.0825779074781414e-01, 3.1047604196153544e-01,
          -6.3401540140041091e-01, -4.8913131141300203e-01,
          8.6340832026506198e-01, -1.2359867593328297e-01,
          5.0903974504985561e-01, 3.9765650989888590e-01,
          7.6337922299117811e-01 ]
Motions:
   - !!opencv-matrix
      rows: 3
      cols: 1
      dt: d
      data: [ 0., 0., 0. ]
   - !!opencv-matrix
      rows: 3
      cols: 1
      dt: d
      data: [ -9.5645127883819658e-01, -1.3252904894926132e-01,
          2.6007114871392917e-01 ]
   - !!opencv-matrix
      rows: 3
      cols: 1
      dt: d
      data: [ -1.9645783419547997e+00, -3.3532564977130475e-01,
          9.4468767814940480e-01 ]
   - !!opencv-matrix
      rows: 3
      cols: 1
      dt: d
      data: [ -2.2808746586288451e+00, -9.5683518489723085e-01,
          1.3716767471819942e+00 ]
   - !!opencv-matrix
      rows: 3
      cols: 1
      dt: d
      data: [ -2.5127038285203080e+00, -1.3272606599154870e+00,
          2.2562504809062021e+00 ]
   - !!opencv-matrix
      rows: 3
      cols: 1
      dt: d
      data: [ -2.6238478749592287e+00, -1.6338605649304214e+00,
          3.2871314397647979e+00 ]
   - !!opencv-matrix
      rows: 3
      cols: 1
      dt: d
      data: [ 2.9298116504400489e+00, -5.3992489978035862e-01,
          -7.2847108394025781e+00 ]
   - !!opencv-matrix
      rows: 3
      cols: 1
      dt: d
      data: [ -1.1000228493595070e+00, -3.5118971645728769e+00,
          5.0385395586295063e+00 ]
   - !!opencv-matrix
      rows: 3
      cols: 1
      dt: d
      data: [ -2.0374565623128763e-01, 2.3546045644433627e-01,
          -8.4892029974035488e+00 ]
   - !!opencv-matrix
      rows: 3
      cols: 1
      dt: d
      data: [ 8.9432243907896203e-01, -3.6989250446764932e+00,
          5.0609302775162019e+00 ]
   - !!opencv-matrix
      rows: 3
      cols: 1
      dt: d
      data: [ 2.0392268393520530e+00, -3.2565667338831896e+00,
          4.5058926467773883e+00 ]
   - !!opencv-matrix
      rows: 3
      cols: 1
      dt: d
      data: [ 2.7521072847610322e+00, -2.8132898242400635e+00,
          3.9713712547883206e+00 ]
   - !!opencv-matrix
      rows: 3
      cols: 1
      dt: d
      data: [ 3.1554343759471948e+00, -2.0735192498155492e+00,
          2.8702791186076424e+00 ]
   - !!opencv-matrix
      rows: 3
      cols: 1
      dt: d
      data: [ 3.5261532949164205e+00, -9.8395679133128033e-01,
          2.6932153559312604e+00 ]
   - !!opencv-matrix
      rows: 3
      cols: 1
      dt: d
      data: [ 3.0535440375621934e+00, -2.1033112864930709e-01,
          1.8802831248517342e+00 ]
   - !!opencv-matrix
      rows: 3
      cols: 1
      dt: d
      data: [ 2.2061377586738855e+00, 6.8747133617858225e-01,
          1.1971088582441658e+00 ]
Points:
   - [ -2.2306077480316162e+00, 5.8585417270660400e-01,
       3.1347107887268066e+00 ]
   - [ -3.8984804153442383e+00, -1.2938723564147949e+00,
       5.4855628013610840e+00 ]
   - [ -2.5991096496582031e+00, 1.7709657549858093e-01,
       3.6656484603881836e+00 ]
   - [ -2.7054164409637451e+00, 4.7113653272390366e-02,
       3.8244767189025879e+00 ]
   - [ -3.4637951850891113e+00, -8.3687788248062134e-01,
       4.8990430831909180e+00 ]
   - [ -2.6025762557983398e+00, 1.5202787518501282e-01,
       3.6952419281005859e+00 ]
   - [ -2.6780164241790771e+00, 2.2658988833427429e-02,
       3.8483664989471436e+00 ]
   - [ -3.4574432373046875e+00, -9.1758161783218384e-01,
       5.0081691741943359e+00 ]
   - [ -2.6378638744354248e+00, 2.2756332531571388e-02,
       3.8470523357391357e+00 ]
   - [ -3.5602264404296875e+00, -1.0624513626098633e+00,
       5.2014083862304688e+00 ]
   - [ -3.4810414314270020e+00, -1.1749917268753052e+00,
       5.3593788146972656e+00 ]
   - [ -2.4458608627319336e+00, 7.6822645962238312e-02,
       3.7999877929687500e+00 ]
   - [ -4.3456087112426758e+00, -2.4075992107391357e+00,
       6.8682823181152344e+00 ]
   - [ -3.5623040199279785e+00, -1.5148341655731201e+00,
       5.8204445838928223e+00 ]
   - [ -1.9296870231628418e+00, 5.2307856082916260e-01,
       3.2533771991729736e+00 ]
   - [ -2.2710793018341064e+00, 6.2214400619268417e-02,
       3.8357412815093994e+00 ]
   - [ -2.2851171493530273e+00, -5.5742692947387695e-01,
       4.6402091979980469e+00 ]
   - [ -2.2539992332458496e+00, -5.2863848209381104e-01,
       4.5921602249145508e+00 ]
   - [ -2.2143414020538330e+00, -5.0540190935134888e-01,
       4.5604844093322754e+00 ]
   - [ -2.1301033496856689e+00, -5.4226434230804443e-01,
       4.6113824844360352e+00 ]
   - [ -2.1301033496856689e+00, -5.4226434230804443e-01,
       4.6113824844360352e+00 ]
   - [ -2.1130957603454590e+00, -5.6737959384918213e-01,
       4.6443271636962891e+00 ]
   - [ -2.0889744758605957e+00, -5.7743555307388306e-01,
       4.6562175750732422e+00 ]
   - [ -2.0889744758605957e+00, -5.7743555307388306e-01,
       4.6562175750732422e+00 ]
   - [ -1.3707876205444336e+00, 6.4591431617736816e-01,
       3.0910136699676514e+00 ]
   - [ -1.3329700231552124e+00, 7.2158187627792358e-01,
       3.0268340110778809e+00 ]
   - [ -1.3609901666641235e+00, 5.9125471115112305e-01,
       3.1821513175964355e+00 ]
   - [ -1.2895205020904541e+00, 5.8634716272354126e-01,
       3.1827740669250488e+00 ]
   - [ -1.8796007633209229e+00, -5.6510043144226074e-01,
       4.6408176422119141e+00 ]
   - [ -1.0667605400085449e+00, 1.0116434097290039e+00,
       2.6695160865783691e+00 ]
   - [ -1.0556490421295166e+00, 9.6465963125228882e-01,
       2.7238302230834961e+00 ]
   - [ -1.7998594045639038e+00, -6.0681200027465820e-01,
       4.6875696182250977e+00 ]
   - [ -1.0483543872833252e+00, 9.4894516468048096e-01,
       2.7325477600097656e+00 ]
   - [ -1.0165836811065674e+00, 9.7672051191329956e-01,
       2.7062759399414063e+00 ]
   - [ -1.0376540422439575e+00, 8.7569051980972290e-01,
       2.8307149410247803e+00 ]
   - [ -1.0320105552673340e+00, 8.8194495439529419e-01,
       2.8280215263366699e+00 ]
   - [ -9.6375250816345215e-01, 9.5588880777359009e-01,
       2.7188551425933838e+00 ]
   - [ -9.9788075685501099e-01, 8.7788742780685425e-01,
       2.8285388946533203e+00 ]
   - [ -9.4522148370742798e-01, 9.9756574630737305e-01,
       2.6808693408966064e+00 ]
   - [ -9.8447674512863159e-01, 8.4273415803909302e-01,
       2.8715970516204834e+00 ]
   - [ -8.6636632680892944e-01, 8.6423462629318237e-01,
       2.8610804080963135e+00 ]
   - [ -7.9165303707122803e-01, 9.7941523790359497e-01,
       2.7163205146789551e+00 ]
   - [ -2.0063316822052002e+00, -2.3789367675781250e+00,
       6.8848204612731934e+00 ]
   - [ -2.0063316822052002e+00, -2.3789367675781250e+00,
       6.8848204612731934e+00 ]
   - [ -8.2990896701812744e-01, 8.6834299564361572e-01,
       2.8517968654632568e+00 ]
   - [ -1.1244984865188599e+00, -1.2760476209223270e-02,
       3.9623253345489502e+00 ]
   - [ -1.1417961120605469e+00, -9.2481337487697601e-02,
       4.0415439605712891e+00 ]
   - [ -1.1417961120605469e+00, -9.2481337487697601e-02,
       4.0415439605712891e+00 ]
   - [ -1.1045385599136353e+00, -5.6098982691764832e-02,
       4.0071277618408203e+00 ]
   - [ -9.9666416645050049e-01, 2.4439206719398499e-01,
       3.6341860294342041e+00 ]
   - [ -1.0810148715972900e+00, -3.4176379442214966e-02,
       3.9683437347412109e+00 ]
   - [ -1.0810148715972900e+00, -3.4176379442214966e-02,
       3.9683437347412109e+00 ]
   - [ -1.0629535913467407e+00, 1.3065114617347717e-02,
       3.9283974170684814e+00 ]
   - [ -9.6579951047897339e-01, 2.7909880876541138e-01,
       3.5908975601196289e+00 ]
   - [ -9.1566491127014160e-01, 4.3254777789115906e-01,
       3.4058423042297363e+00 ]
   - [ -9.1566491127014160e-01, 4.3254777789115906e-01,
       3.4058423042297363e+00 ]
   - [ -9.6257627010345459e-01, 2.2494356334209442e-01,
       3.6536722183227539e+00 ]
   - [ -9.4067275524139404e-01, 2.8984901309013367e-01,
       3.5729899406433105e+00 ]
   - [ -8.9855098724365234e-01, 3.9537584781646729e-01,
       3.4367923736572266e+00 ]
   - [ -8.9222890138626099e-01, 4.0023702383041382e-01,
       3.4359774589538574e+00 ]
   - [ -8.8443374633789063e-01, 4.1515693068504333e-01,
       3.4198410511016846e+00 ]
   - [ -8.7795978784561157e-01, 4.1126492619514465e-01,
       3.4285895824432373e+00 ]
   - [ -6.8222558498382568e-01, 1.0061794519424438e+00,
       2.6788828372955322e+00 ]
   - [ -8.5349291563034058e-01, 4.3133929371833801e-01,
       3.4038596153259277e+00 ]
   - [ -8.1518739461898804e-01, 4.9580448865890503e-01,
       3.3229382038116455e+00 ]
   - [ -9.4936186075210571e-01, 1.6827376559376717e-02,
       3.9160699844360352e+00 ]
   - [ -7.9931873083114624e-01, 5.0283181667327881e-01,
       3.3066639900207520e+00 ]
   - [ -8.2691740989685059e-01, 4.0585717558860779e-01,
       3.4363656044006348e+00 ]
   - [ -7.8522694110870361e-01, 5.0009572505950928e-01,
       3.3143966197967529e+00 ]
   - [ -7.8522694110870361e-01, 5.0009572505950928e-01,
       3.3143966197967529e+00 ]
   - [ -6.6387736797332764e-01, 8.9521163702011108e-01,
       2.8195796012878418e+00 ]
   - [ -7.7783167362213135e-01, 5.1094520092010498e-01,
       3.3036367893218994e+00 ]
   - [ -7.7415591478347778e-01, 5.0102961063385010e-01,
       3.3117911815643311e+00 ]
   - [ -7.9209619760513306e-01, 4.2155253887176514e-01,
       3.4158346652984619e+00 ]
   - [ -7.8038477897644043e-01, 4.1854742169380188e-01,
       3.4207229614257813e+00 ]
   - [ -6.4148211479187012e-01, 8.6447656154632568e-01,
       2.8628425598144531e+00 ]
   - [ -7.2451013326644897e-01, 5.4073733091354370e-01,
       3.2686326503753662e+00 ]
   - [ -6.1910957098007202e-01, 9.0857225656509399e-01,
       2.8085763454437256e+00 ]
   - [ -7.4378269910812378e-01, 4.4124090671539307e-01,
       3.3918478488922119e+00 ]
   - [ -7.4378269910812378e-01, 4.4124090671539307e-01,
       3.3918478488922119e+00 ]
   - [ -6.2207412719726563e-01, 8.8037520647048950e-01,
       2.8428640365600586e+00 ]
   - [ -8.4840780496597290e-01, 3.2447054982185364e-02,
       3.9029524326324463e+00 ]
   - [ -7.3774880170822144e-01, 4.3116819858551025e-01,
       3.4072756767272949e+00 ]
   - [ -7.2776252031326294e-01, 4.2998209595680237e-01,
       3.3960804939270020e+00 ]
   - [ -7.2860223054885864e-01, 4.3855047225952148e-01,
       3.4027354717254639e+00 ]
   - [ -7.2103846073150635e-01, 4.4971373677253723e-01,
       3.3808434009552002e+00 ]
   - [ -8.5693603754043579e-01, -2.3009626567363739e-01,
       4.2221412658691406e+00 ]
   - [ -8.3635890483856201e-01, -2.1128623187541962e-01,
       4.2099065780639648e+00 ]
   - [ -7.7243149280548096e-01, 1.1241055326536298e-03,
       3.9388434886932373e+00 ]
   - [ -6.2671500444412231e-01, 5.2783644199371338e-01,
       3.2816967964172363e+00 ]
   - [ -5.3697639703750610e-01, 8.4189242124557495e-01,
       2.8890175819396973e+00 ]
   - [ -5.7097822427749634e-01, 5.9831500053405762e-01,
       3.1959857940673828e+00 ]
   - [ -5.6755000352859497e-01, 6.0448557138442993e-01,
       3.1884419918060303e+00 ]
   - [ -5.7629632949829102e-01, 5.3424733877182007e-01,
       3.2795193195343018e+00 ]
   - [ -5.7676774263381958e-01, 4.6597963571548462e-01,
       3.3598747253417969e+00 ]
   - [ -6.7884707450866699e-01, -3.0979461967945099e-02,
       3.9771811962127686e+00 ]
   - [ -5.7091975212097168e-01, 4.6944102644920349e-01,
       3.3526308536529541e+00 ]
   - [ -5.7601392269134521e-01, 4.3358987569808960e-01,
       3.3979005813598633e+00 ]
   - [ -5.7601392269134521e-01, 4.3358987569808960e-01,
       3.3979005813598633e+00 ]
   - [ -5.2893668413162231e-01, 6.3505262136459351e-01,
       3.1463212966918945e+00 ]
   - [ -4.2152580618858337e-01, 1.1457706689834595e+00,
       2.5208764076232910e+00 ]
   - [ -4.2152580618858337e-01, 1.1457706689834595e+00,
       2.5208764076232910e+00 ]
   - [ -5.1857566833496094e-01, 6.0612428188323975e-01,
       3.1862258911132813e+00 ]
   - [ -5.1857566833496094e-01, 6.0612428188323975e-01,
       3.1862258911132813e+00 ]
   - [ -5.4018765687942505e-01, 4.7254401445388794e-01,
       3.3593263626098633e+00 ]
   - [ -5.4018765687942505e-01, 4.7254401445388794e-01,
       3.3593263626098633e+00 ]
   - [ -5.0354868173599243e-01, 6.1706918478012085e-01,
       3.1697714328765869e+00 ]
   - [ -4.9048656225204468e-01, 6.2735158205032349e-01,
       3.1558928489685059e+00 ]
   - [ -4.3936309218406677e-01, 8.3870118856430054e-01,
       2.8963699340820313e+00 ]
   - [ -4.8831477761268616e-01, 5.7737451791763306e-01,
       3.2190041542053223e+00 ]
   - [ -4.7700372338294983e-01, 6.1550754308700562e-01,
       3.1748023033142090e+00 ]
   - [ -4.8017683625221252e-01, 5.9034991264343262e-01,
       3.2124180793762207e+00 ]
   - [ -4.9739366769790649e-01, 4.6186795830726624e-01,
       3.3627324104309082e+00 ]
   - [ -4.9918845295906067e-01, 4.4629642367362976e-01,
       3.3813693523406982e+00 ]
   - [ -4.2333999276161194e-01, 8.4306168556213379e-01,
       2.9096963405609131e+00 ]
   - [ -3.4981527924537659e-01, 1.1535457372665405e+00,
       2.5095551013946533e+00 ]
   - [ -4.5449584722518921e-01, 4.4046843051910400e-01,
       3.3913996219635010e+00 ]
   - [ -3.7569853663444519e-01, 8.2567077875137329e-01,
       2.9153420925140381e+00 ]
   - [ -4.0213230252265930e-01, 6.0009664297103882e-01,
       3.2028815746307373e+00 ]
   - [ -4.0213230252265930e-01, 6.0009664297103882e-01,
       3.2028815746307373e+00 ]
   - [ -3.6295509338378906e-01, 8.2284688949584961e-01,
       2.9170689582824707e+00 ]
   - [ -3.8601577281951904e-01, 4.6426379680633545e-01,
       3.3655936717987061e+00 ]
   - [ -3.7927648425102234e-01, 4.4761618971824646e-01,
       3.3811688423156738e+00 ]
   - [ -3.6746773123741150e-01, 4.8776528239250183e-01,
       3.3417837619781494e+00 ]
   - [ -3.6617636680603027e-01, 4.6258583664894104e-01,
       3.3664100170135498e+00 ]
   - [ -3.4735709428787231e-01, 5.7525056600570679e-01,
       3.2284667491912842e+00 ]
   - [ -3.5463052988052368e-01, 4.8803246021270752e-01,
       3.3337266445159912e+00 ]
   - [ -3.0425834655761719e-01, 8.1611371040344238e-01,
       2.9205982685089111e+00 ]
   - [ -2.9500550031661987e-01, 8.5983669757843018e-01,
       2.8648335933685303e+00 ]
   - [ -2.7221435308456421e-01, 9.1616094112396240e-01,
       2.8041548728942871e+00 ]
   - [ -2.8496935963630676e-01, 5.9298998117446899e-01,
       3.2048397064208984e+00 ]
   - [ -3.6345371603965759e-01, -1.6681011021137238e-01,
       4.1474671363830566e+00 ]
   - [ -2.3007762432098389e-01, 8.8376617431640625e-01,
       2.8442773818969727e+00 ]
   - [ -1.6384445130825043e-01, 1.0433276891708374e+00,
       2.6334354877471924e+00 ]
   - [ -3.1216380000114441e-01, -2.9120438098907471e+00,
       7.4944972991943359e+00 ]
   - [ -2.5490882992744446e-01, -1.9154832363128662e+00,
       6.2760453224182129e+00 ]
   - [ -2.7133619785308838e-01, -2.6627492904663086e+00,
       7.1641898155212402e+00 ]
   - [ -2.7133619785308838e-01, -2.6627492904663086e+00,
       7.1641898155212402e+00 ]
   - [ -1.3652281463146210e-01, -1.7976783215999603e-02,
       3.6317198276519775e+00 ]
   - [ -1.0220824182033539e-01, -1.5147677063941956e-01,
       3.6339781284332275e+00 ]
   - [ -9.3330621719360352e-02, 3.2766589522361755e-01,
       3.5167062282562256e+00 ]
   - [ -7.4197977781295776e-02, 3.6426210403442383e-01,
       3.4907512664794922e+00 ]
   - [ -1.4178778231143951e-01, -2.8980951309204102e+00,
       7.4813413619995117e+00 ]
   - [ -6.3384391367435455e-02, 3.1969833374023438e-01,
       3.5383353233337402e+00 ]
   - [ 1.0161804966628551e-03, -2.9356911182403564e+00,
       7.5206241607666016e+00 ]
   - [ 1.0161804966628551e-03, -2.9356911182403564e+00,
       7.5206241607666016e+00 ]
   - [ 7.9054981470108032e-02, -3.1895134449005127e+00,
       7.8279776573181152e+00 ]
   - [ 1.0303810983896255e-01, -3.2799928188323975e+00,
       7.9277901649475098e+00 ]
   - [ 9.9748365581035614e-02, -2.5663390159606934e+00,
       7.0603356361389160e+00 ]
   - [ 3.1467360258102417e-01, -3.3623425960540771e+00,
       8.0311985015869141e+00 ]
   - [ 3.2358002662658691e-01, -3.1653559207916260e+00,
       7.7919559478759766e+00 ]
   - [ 1.5689267218112946e-01, -1.1877597868442535e-01,
       3.2276802062988281e+00 ]
   - [ 4.0272778272628784e-01, -3.3125424385070801e+00,
       7.9582600593566895e+00 ]
   - [ 1.5697142481803894e-01, -4.4055566191673279e-01,
       2.6464509963989258e+00 ]
   - [ 1.7053242027759552e-01, -4.2127206921577454e-01,
       2.6481142044067383e+00 ]
   - [ 1.7481969296932220e-01, -4.3550387024879456e-01,
       2.6421294212341309e+00 ]
   - [ 1.9542866945266724e-01, -4.6924060583114624e-01,
       2.6309330463409424e+00 ]
   - [ 1.9542866945266724e-01, -4.6924060583114624e-01,
       2.6309330463409424e+00 ]
   - [ 5.1561450958251953e-01, -2.0842320919036865e+00,
       6.4652891159057617e+00 ]
   - [ 2.1187828481197357e-01, -4.2611211538314819e-01,
       2.6385579109191895e+00 ]
   - [ 2.1187828481197357e-01, -4.2611211538314819e-01,
       2.6385579109191895e+00 ]
   - [ 2.1187828481197357e-01, -4.2611211538314819e-01,
       2.6385579109191895e+00 ]
   - [ 2.1633146703243256e-01, -4.4073572754859924e-01,
       2.6352827548980713e+00 ]
   - [ 2.1924459934234619e-01, -4.1666820645332336e-01,
       2.6400017738342285e+00 ]
   - [ 2.1924459934234619e-01, -4.1666820645332336e-01,
       2.6400017738342285e+00 ]
   - [ 2.2156049311161041e-01, -4.5526513457298279e-01,
       2.6312918663024902e+00 ]
   - [ 2.2156049311161041e-01, -4.5526513457298279e-01,
       2.6312918663024902e+00 ]
   - [ 2.2156049311161041e-01, -4.5526513457298279e-01,
       2.6312918663024902e+00 ]
   - [ 2.2706913948059082e-01, -4.0724778175354004e-01,
       2.6443274021148682e+00 ]
   - [ 2.2725966572761536e-01, -4.7053676843643188e-01,
       2.6286814212799072e+00 ]
   - [ 2.2842034697532654e-01, -4.4573360681533813e-01,
       2.6326653957366943e+00 ]
   - [ 2.2842034697532654e-01, -4.4573360681533813e-01,
       2.6326653957366943e+00 ]
   - [ 2.3183137178421021e-01, -4.2203235626220703e-01,
       2.6403789520263672e+00 ]
   - [ 2.3638193309307098e-01, -4.3642041087150574e-01,
       2.6355865001678467e+00 ]
   - [ 2.3832969367504120e-01, -4.1247928142547607e-01,
       2.6410753726959229e+00 ]
   - [ 2.4064390361309052e-01, -4.2767399549484253e-01,
       2.6384963989257813e+00 ]
   - [ 2.4747067689895630e-01, -4.0327897667884827e-01,
       2.6443145275115967e+00 ]
   - [ 2.4856090545654297e-01, -4.4173884391784668e-01,
       2.6328163146972656e+00 ]
   - [ 2.4856090545654297e-01, -4.4173884391784668e-01,
       2.6328163146972656e+00 ]
   - [ 2.4856090545654297e-01, -4.4173884391784668e-01,
       2.6328163146972656e+00 ]
   - [ 2.5470221042633057e-01, -4.2919853329658508e-01,
       2.6391968727111816e+00 ]
   - [ 2.3571147024631500e-01, -4.2690348625183105e-01,
       2.3873279094696045e+00 ]
   - [ 2.6802358031272888e-01, -4.2320221662521362e-01,
       2.6411921977996826e+00 ]
   - [ 2.7094420790672302e-01, -4.3851268291473389e-01,
       2.6374018192291260e+00 ]
   - [ 2.7094420790672302e-01, -4.3851268291473389e-01,
       2.6374018192291260e+00 ]
   - [ 2.7507120370864868e-01, -4.5306813716888428e-01,
       2.6365046501159668e+00 ]
   - [ 2.7837234735488892e-01, -4.2921790480613708e-01,
       2.6424527168273926e+00 ]
   - [ 2.8476521372795105e-01, -4.4418954849243164e-01,
       2.6389131546020508e+00 ]
   - [ 2.8952416777610779e-01, -4.3518343567848206e-01,
       2.6428782939910889e+00 ]
   - [ 2.8952416777610779e-01, -4.3518343567848206e-01,
       2.6428782939910889e+00 ]
   - [ 3.5865741968154907e-01, 6.4457470178604126e-01,
       3.1225266456604004e+00 ]
   - [ 3.8284105062484741e-01, 3.1862595677375793e-01,
       3.3080952167510986e+00 ]
   - [ 1.0240926742553711e+00, -4.0483293533325195e+00,
       8.8158578872680664e+00 ]
   - [ 3.9097553491592407e-01, 6.5011715888977051e-01,
       3.1265752315521240e+00 ]
   - [ 3.9097553491592407e-01, 6.5011715888977051e-01,
       3.1265752315521240e+00 ]
   - [ 1.1373115777969360e+00, -3.9969875812530518e+00,
       8.7710151672363281e+00 ]
   - [ 4.1255253553390503e-01, 6.3406139612197876e-01,
       3.1454286575317383e+00 ]
   - [ 1.0956888198852539e+00, -3.6310248374938965e+00,
       8.3408727645874023e+00 ]
   - [ 1.2001308202743530e+00, -3.7664904594421387e+00,
       8.4778327941894531e+00 ]
   - [ 5.0422894954681396e-01, 2.6029133796691895e-01,
       3.3463318347930908e+00 ]
   - [ 4.8822152614593506e-01, 6.4704394340515137e-01,
       3.1244812011718750e+00 ]
   - [ 9.0408360958099365e-01, -1.5164726972579956e+00,
       5.7607784271240234e+00 ]
   - [ 9.0389716625213623e-01, -1.4902422428131104e+00,
       5.7329063415527344e+00 ]
   - [ 5.2092331647872925e-01, 3.4698182344436646e-01,
       3.2452273368835449e+00 ]
   - [ 9.8868918418884277e-01, -1.5942549705505371e+00,
       5.8471870422363281e+00 ]
   - [ 1.3488159179687500e+00, -3.3107869625091553e+00,
       7.9125638008117676e+00 ]
   - [ 1.5884231328964233e+00, -3.5547828674316406e+00,
       8.2085189819335938e+00 ]
   - [ 7.1002495288848877e-01, 2.8577488660812378e-01,
       3.5672349929809570e+00 ]
   - [ 1.6310125589370728e+00, -3.5450613498687744e+00,
       8.1942605972290039e+00 ]
   - [ 1.7771942615509033e+00, -3.9189910888671875e+00,
       8.6399536132812500e+00 ]
   - [ 7.7330416440963745e-01, 1.6290822625160217e-01,
       3.7226910591125488e+00 ]
   - [ 7.7330416440963745e-01, 1.6290822625160217e-01,
       3.7226910591125488e+00 ]
   - [ 1.5757675170898438e+00, -2.7454059123992920e+00,
       7.2580213546752930e+00 ]
   - [ 1.4741441011428833e+00, -2.3718490600585938e+00,
       6.7725167274475098e+00 ]
   - [ 1.5173459053039551e+00, -2.3730514049530029e+00,
       6.7722177505493164e+00 ]
   - [ 9.3263268470764160e-01, -9.7517088055610657e-02,
       4.0403885841369629e+00 ]
   - [ 1.9047995805740356e+00, -3.3419072628021240e+00,
       7.9543566703796387e+00 ]
   - [ 1.9188442230224609e+00, -3.4034245014190674e+00,
       8.0123205184936523e+00 ]
   - [ 1.6749922037124634e+00, -2.4431474208831787e+00,
       6.8516411781311035e+00 ]
   - [ 1.9379825592041016e+00, -3.3247733116149902e+00,
       7.9083418846130371e+00 ]
   - [ 1.0465470552444458e+00, -2.8126415610313416e-01,
       4.2477631568908691e+00 ]
   - [ 6.8838316202163696e-01, 9.6681958436965942e-01,
       2.7282872200012207e+00 ]
   - [ 6.4528375864028931e-01, 1.1084437370300293e+00,
       2.5520472526550293e+00 ]
   - [ 9.1579532623291016e-01, -4.9146953225135803e-01,
       3.6177325248718262e+00 ]
   - [ 2.0641405582427979e+00, -3.5237092971801758e+00,
       8.1502666473388672e+00 ]
   - [ 9.2254340648651123e-01, -5.4638314247131348e-01,
       3.6043272018432617e+00 ]
   - [ 2.0401785373687744e+00, -3.3617618083953857e+00,
       7.9518208503723145e+00 ]
   - [ 2.0107235908508301e+00, -3.2745862007141113e+00,
       7.8271937370300293e+00 ]
   - [ 7.6124799251556396e-01, 8.0629640817642212e-01,
       2.9234657287597656e+00 ]
   - [ 7.3820507526397705e-01, 8.8192194700241089e-01,
       2.8287286758422852e+00 ]
   - [ 7.4466377496719360e-01, 8.6750471591949463e-01,
       2.8524720668792725e+00 ]
   - [ 7.4819958209991455e-01, 8.6254036426544189e-01,
       2.8569235801696777e+00 ]
   - [ 2.1606283187866211e+00, -3.5206444263458252e+00,
       8.1320753097534180e+00 ]
   - [ 7.6718425750732422e-01, 8.3318293094635010e-01,
       2.8809235095977783e+00 ]
   - [ 2.2650523185729980e+00, -3.7779352664947510e+00,
       8.4443664550781250e+00 ]
   - [ 2.1816306114196777e+00, -3.3458962440490723e+00,
       7.9295525550842285e+00 ]
   - [ 1.8727535009384155e+00, -2.3104579448699951e+00,
       6.6842517852783203e+00 ]
   - [ 8.2243907451629639e-01, 8.4174233675003052e-01,
       2.8762094974517822e+00 ]
   - [ 2.3170659542083740e+00, -3.4822585582733154e+00,
       8.0909376144409180e+00 ]
   - [ 8.3277082443237305e-01, 8.2303380966186523e-01,
       2.8966279029846191e+00 ]
   - [ 8.5160338878631592e-01, 8.1829637289047241e-01,
       2.9039707183837891e+00 ]
   - [ 8.5593289136886597e-01, 8.1092858314514160e-01,
       2.9079918861389160e+00 ]
   - [ 8.6223214864730835e-01, 8.0582469701766968e-01,
       2.9170687198638916e+00 ]
   - [ 8.7258392572402954e-01, 8.1040793657302856e-01,
       2.9152541160583496e+00 ]
   - [ 8.6174321174621582e-01, 8.4432601928710938e-01,
       2.8676409721374512e+00 ]
   - [ 8.6290103197097778e-01, 8.5226035118103027e-01,
       2.8634378910064697e+00 ]
   - [ 1.5145128965377808e+00, -7.2125869989395142e-01,
       4.7758307456970215e+00 ]
   - [ 9.1923707723617554e-01, 8.2432985305786133e-01,
       2.8874526023864746e+00 ]
   - [ 1.4735620021820068e+00, -5.9779781103134155e-01,
       4.6185073852539063e+00 ]
   - [ 9.2091101408004761e-01, 8.3080959320068359e-01,
       2.8831455707550049e+00 ]
   - [ 1.3839882612228394e+00, -3.4611302614212036e-01,
       4.3208475112915039e+00 ]
   - [ 2.6780822277069092e+00, -3.7230947017669678e+00,
       8.2826557159423828e+00 ]
   - [ 9.3028265237808228e-01, 8.4732949733734131e-01,
       2.8688871860504150e+00 ]
   - [ 8.9831912517547607e-01, 1.0223940610885620e+00,
       2.6498484611511230e+00 ]
   - [ 9.7793060541152954e-01, 8.2748883962631226e-01,
       2.8802013397216797e+00 ]
   - [ 1.4878735542297363e+00, -4.0397414565086365e-01,
       4.3836560249328613e+00 ]
   - [ 1.4878735542297363e+00, -4.0397414565086365e-01,
       4.3836560249328613e+00 ]
   - [ 9.2875087261199951e-01, 1.0080727338790894e+00,
       2.6684226989746094e+00 ]
   - [ 9.6279847621917725e-01, 9.7230923175811768e-01,
       2.7098045349121094e+00 ]
   - [ 9.3572592735290527e-01, 1.0511951446533203e+00,
       2.6126611232757568e+00 ]
   - [ 9.6891635656356812e-01, 9.7728037834167480e-01,
       2.7014076709747314e+00 ]
   - [ 9.7338593006134033e-01, 9.9163854122161865e-01,
       2.6872293949127197e+00 ]
   - [ 9.7234773635864258e-01, 1.0086280107498169e+00,
       2.6603720188140869e+00 ]
   - [ 1.3024886846542358e+00, 2.8217482566833496e-01,
       3.5635211467742920e+00 ]
   - [ 1.5850887298583984e+00, -3.5224023461341858e-01,
       4.3099908828735352e+00 ]
   - [ 1.0518724918365479e+00, 8.4881174564361572e-01,
       2.8559815883636475e+00 ]
   - [ 1.0518724918365479e+00, 8.4881174564361572e-01,
       2.8559815883636475e+00 ]
   - [ 9.9127501249313354e-01, 9.8663234710693359e-01,
       2.6873042583465576e+00 ]
   - [ 9.9127501249313354e-01, 9.8663234710693359e-01,
       2.6873042583465576e+00 ]
   - [ 1.0377411842346191e+00, 8.9853757619857788e-01,
       2.7991099357604980e+00 ]
   - [ 1.0377411842346191e+00, 8.9853757619857788e-01,
       2.7991099357604980e+00 ]
   - [ 1.0302624702453613e+00, 9.3249058723449707e-01,
       2.7572891712188721e+00 ]
   - [ 9.6652841567993164e-01, 1.0730876922607422e+00,
       2.5837121009826660e+00 ]
   - [ 2.9353332519531250e+00, -3.3621261119842529e+00,
       7.8488206863403320e+00 ]
   - [ 1.0380169153213501e+00, 9.3390476703643799e-01,
       2.7533352375030518e+00 ]
   - [ 1.6211382150650024e+00, -3.4641963243484497e-01,
       4.2985692024230957e+00 ]
   - [ 1.6211864948272705e+00, -3.3633920550346375e-01,
       4.2913570404052734e+00 ]
   - [ 1.0799901485443115e+00, 8.4096819162368774e-01,
       2.8511817455291748e+00 ]
   - [ 1.0954076051712036e+00, 8.5161608457565308e-01,
       2.8489365577697754e+00 ]
   - [ 1.8884174823760986e+00, -8.5889941453933716e-01,
       4.9055366516113281e+00 ]
   - [ 1.6640496253967285e+00, -3.5542619228363037e-01,
       4.3144021034240723e+00 ]
   - [ 1.6628389358520508e+00, -3.5009118914604187e-01,
       4.3081145286560059e+00 ]
   - [ 1.0512592792510986e+00, 9.7141182422637939e-01,
       2.7051527500152588e+00 ]
   - [ 3.0936174392700195e+00, -3.3677434921264648e+00,
       7.8588953018188477e+00 ]
   - [ 2.5165283679962158e+00, -1.9525116682052612e+00,
       6.2213740348815918e+00 ]
   - [ 1.9723213911056519e+00, -7.6466405391693115e-01,
       4.7976121902465820e+00 ]
   - [ 2.7480633258819580e+00, -1.4029697179794312e+00,
       5.5263071060180664e+00 ]
   - [ 1.8005284070968628e+00, 2.7489081025123596e-01,
       3.5345838069915771e+00 ]
   - [ 1.8371714353561401e+00, 3.6443260312080383e-01,
       3.4231526851654053e+00 ]
   - [ 3.2367622852325439e+00, -1.8033519983291626e+00,
       5.9931073188781738e+00 ]
   - [ 2.2890522480010986e+00, 2.7349361777305603e-01,
       3.5001158714294434e+00 ]
   - [ 2.3453330993652344e+00, 2.3242923617362976e-01,
       3.5509066581726074e+00 ]
   - [ 2.3424384593963623e+00, 2.3950983583927155e-01,
       3.5447015762329102e+00 ]
   - [ 2.5461766719818115e+00, 3.2774332910776138e-02,
       3.7855379581451416e+00 ]
   - [ 2.5528266429901123e+00, 2.9711633920669556e-02,
       3.7840375900268555e+00 ]
   - [ 2.5878283977508545e+00, 5.6096386164426804e-02,
       3.7416059970855713e+00 ]
   - [ 2.6048266887664795e+00, 4.4273573905229568e-02,
       3.7641358375549316e+00 ]
   - [ 2.6350071430206299e+00, 3.8099069148302078e-02,
       3.7723021507263184e+00 ]
   - [ 2.4574611186981201e+00, -2.2982467710971832e-01,
       -1.3364329338073730e+00 ]
   - [ -2.6241102218627930e+00, 7.6837855577468872e-01,
       3.3633816242218018e+00 ]
   - [ -2.6212584972381592e+00, 7.6398658752441406e-01,
       3.3796837329864502e+00 ]
   - [ -3.7608523368835449e+00, 2.3683187365531921e-01,
       4.3204197883605957e+00 ]
   - [ -7.6181876659393311e-01, -6.3598388433456421e-01,
       1.4205193519592285e+00 ]
   - [ -2.6198437213897705e+00, 6.9938272237777710e-01,
       3.4838078022003174e+00 ]
   - [ -5.7208862304687500e+00, -8.2497560977935791e-01,
       6.1377763748168945e+00 ]
   - [ -3.8040082454681396e+00, 9.6005603671073914e-02,
       4.5447783470153809e+00 ]
   - [ -3.5398061275482178e+00, 2.1190947294235229e-01,
       4.3460268974304199e+00 ]
   - [ 2.3484768867492676e+00, 1.6538137197494507e-01,
       -1.3379470109939575e+00 ]
   - [ -5.3706645965576172e+00, -7.0343834161758423e-01,
       5.9093670845031738e+00 ]
   - [ -5.6170110702514648e+00, -8.5400134325027466e-01,
       6.1327834129333496e+00 ]
   - [ -2.8370048999786377e+00, 5.0620919466018677e-01,
       3.7763879299163818e+00 ]
   - [ 2.6939747333526611e+00, -3.6735680699348450e-01,
       -1.6515514850616455e+00 ]
   - [ -5.5554971694946289e+00, -8.6885869503021240e-01,
       6.1787180900573730e+00 ]
   - [ -2.7508542537689209e+00, 9.0007889270782471e-01,
       3.9198176860809326e+00 ]
   - [ -6.5825328826904297e+00, -1.5262902975082397e+00,
       7.1886606216430664e+00 ]
   - [ -3.0404915809631348e+00, 3.0357185006141663e-01,
       4.1182503700256348e+00 ]
   - [ -5.7415299415588379e+00, 1.2777048349380493e-01,
       6.9862523078918457e+00 ]
   - [ -4.5276203155517578e+00, -4.8630377650260925e-01,
       5.4604897499084473e+00 ]
   - [ -6.6064653396606445e+00, -1.6152632236480713e+00,
       7.3415360450744629e+00 ]
   - [ -3.6432244777679443e+00, -3.3010959625244141e-02,
       4.6985373497009277e+00 ]
   - [ -6.4369626045227051e+00, -1.5235674381256104e+00,
       7.2150354385375977e+00 ]
   - [ -3.4796154499053955e+00, 4.6882882714271545e-02,
       4.6240506172180176e+00 ]
   - [ -8.4731978178024292e-01, 1.2604255676269531e+00,
       2.2818260192871094e+00 ]
   - [ -8.4907287359237671e-01, 1.2292995452880859e+00,
       2.3297591209411621e+00 ]
   - [ -8.4907287359237671e-01, 1.2292995452880859e+00,
       2.3297591209411621e+00 ]
   - [ -4.1551799774169922e+00, -5.6183284521102905e-01,
       5.5101361274719238e+00 ]
   - [ -8.1306833028793335e-01, 1.2492349147796631e+00,
       2.2994575500488281e+00 ]
   - [ -7.2586649656295776e-01, 1.2911416292190552e+00,
       2.2149069309234619e+00 ]
   - [ -1.1325445175170898e+00, 1.0613001585006714e+00,
       2.6478841304779053e+00 ]
   - [ -7.2176164388656616e-01, 1.2576171159744263e+00,
       2.2655305862426758e+00 ]
   - [ -7.2176164388656616e-01, 1.2576171159744263e+00,
       2.2655305862426758e+00 ]
   - [ -7.2326683998107910e-01, 1.2348728179931641e+00,
       2.2982211112976074e+00 ]
   - [ -4.4212126731872559e+00, -9.9374985694885254e-01,
       6.1251950263977051e+00 ]
   - [ -6.8899363279342651e-01, 1.2231072187423706e+00,
       2.3224642276763916e+00 ]
   - [ -6.8899363279342651e-01, 1.2231072187423706e+00,
       2.3224642276763916e+00 ]
   - [ -5.1622300148010254e+00, -1.4765326976776123e+00,
       6.8975586891174316e+00 ]
   - [ -5.1622300148010254e+00, -1.4765326976776123e+00,
       6.8975586891174316e+00 ]
   - [ -9.5953595638275146e-01, 1.0796649456024170e+00,
       2.6037204265594482e+00 ]
   - [ -6.0668021440505981e-01, 1.2499239444732666e+00,
       2.2496929168701172e+00 ]
   - [ -5.7671576738357544e-01, 1.2590893507003784e+00,
       2.2320733070373535e+00 ]
   - [ -5.8423721790313721e-01, 1.2550319433212280e+00,
       2.2429370880126953e+00 ]
   - [ -1.5014456510543823e+00, 7.4120908975601196e-01,
       3.2115061283111572e+00 ]
   - [ -7.3568516969680786e-01, 1.1670742034912109e+00,
       2.4049749374389648e+00 ]
   - [ -8.2773590087890625e-01, 1.1284248828887939e+00,
       2.5192277431488037e+00 ]
   - [ -5.9534573554992676e-01, 1.2353131771087646e+00,
       2.2749795913696289e+00 ]
   - [ -5.7280379533767700e-01, 1.2409466505050659e+00,
       2.2550466060638428e+00 ]
   - [ -5.6550610065460205e-01, 1.2378557920455933e+00,
       2.2597842216491699e+00 ]
   - [ -4.8096342086791992e+00, -1.4376595020294189e+00,
       6.7897882461547852e+00 ]
   - [ -4.4220619201660156e+00, -1.2108422517776489e+00,
       6.4143700599670410e+00 ]
   - [ -4.3461008071899414e+00, -1.1893620491027832e+00,
       6.3676300048828125e+00 ]
   - [ -1.4546824693679810e+00, 6.8865978717803955e-01,
       3.2728149890899658e+00 ]
   - [ -1.4546824693679810e+00, 6.8865978717803955e-01,
       3.2728149890899658e+00 ]
   - [ -5.1796331405639648e+00, -1.7792468070983887e+00,
       7.3020858764648438e+00 ]
   - [ -6.0797840356826782e-01, 1.1736452579498291e+00,
       2.3711242675781250e+00 ]
   - [ -6.0797840356826782e-01, 1.1736452579498291e+00,
       2.3711242675781250e+00 ]
   - [ -5.3804761171340942e-01, 1.2178288698196411e+00,
       2.3054215908050537e+00 ]
   - [ -6.7514377832412720e-01, 1.1460665464401245e+00,
       2.4609665870666504e+00 ]
   - [ -1.0172723531723022e+00, 8.7841349840164185e-01,
       2.9098849296569824e+00 ]
   - [ -9.2428213357925415e-01, 9.3674236536026001e-01,
       2.8335859775543213e+00 ]
   - [ -9.5743346214294434e-01, 8.7429267168045044e-01,
       2.8969717025756836e+00 ]
   - [ -5.9985435009002686e-01, 1.0945903062820435e+00,
       2.4955093860626221e+00 ]
   - [ -9.3021917343139648e-01, 8.7482535839080811e-01,
       2.8918375968933105e+00 ]
   - [ -6.1775388717651367e+00, -2.9421832561492920e+00,
       8.9943513870239258e+00 ]
   - [ -5.8055496215820313e+00, -2.6285967826843262e+00,
       8.7029943466186523e+00 ]
   - [ -6.1748118400573730e+00, -3.0034520626068115e+00,
       9.1065196990966797e+00 ]
   - [ -6.1748118400573730e+00, -3.0034520626068115e+00,
       9.1065196990966797e+00 ]
   - [ -5.1781135797500610e-01, 1.1010779142379761e+00,
       2.4821295738220215e+00 ]
